#Time	Serial	Client
0001	0911	0264
0003	0884	0335
0004	0911	0268
0005	1183	0231
0006	0911	0283
0007	0845	0303
0009	0622	0298
0010	0622	0242
0011	0734	0226
0012	0637	0210
0013	0598	0202
0014	0649	0201
0015	0004	0196
0016	0513	0193
0017	0627	0190
0018	0507	0189
0019	1013	0183
0020	0514	0176
0021	0508	0177
0022	0934	0186
0023	0535	0189
0024	0497	0197
0025	0508	0191
0026	0500	0209
0027	0399	0210
0028	0493	0209
0029	0986	0215
0030	0460	0226
0031	0477	0225
0032	0474	0225
0033	0924	0227
0034	0452	0230
0035	0466	0214
0036	0460	0217
0037	0864	0234
0038	0437	0227
0039	0777	0224
0040	1053	0234
0041	0587	0220
0042	0451	0227
0043	0442	0205
0044	0066	0236
0045	0437	0231
0046	0421	0227
0047	0453	0232
0048	0471	0241
0049	0936	0217
0050	0436	0240
0051	0443	0250
0052	0462	0253
0053	0882	0244
0054	0433	0236
0055	0417	0262
0056	0436	0250
0057	0884	0252
0058	0470	0242
0059	0768	0246
0060	0721	0244
0061	0348	0249
0062	0794	0246
0063	0206	0247
0064	0438	0248
0065	0430	0247
0066	0450	0246
0067	0419	0253
0068	0876	0250
0069	0453	0252
0070	0420	0268
0071	0401	0258
0072	0875	0270
0073	0442	0261
0074	0424	0276
0075	0438	0266
0076	0899	0268
0077	0622	0263
0078	0667	0269
0079	0607	0266
0080	0325	0274
0081	0348	0260
0082	0448	0274
0083	0456	0263
0084	0426	0266
0085	0424	0264
0086	0892	0259
0087	0416	0260
0088	0426	0256
0089	0459	0266
0090	0865	0257
0091	0448	0261
0092	0450	0250
0093	0436	0255
0094	0838	0252
0095	0459	0250
0096	0751	0247
0097	0622	0257
0098	0685	0262
0099	0323	0267
0100	0456	0259
0101	0443	0264
0102	0452	0260
0103	0427	0257
0104	0420	0262
0105	0862	0271
0106	0414	0268
0107	0438	0269
0108	0420	0264
0109	0828	0265
0110	0405	0261
0111	0404	0266
0112	0405	0263
0113	0838	0269
0114	0417	0272
0115	0755	0269
0116	0648	0277
0117	0718	0276
0118	0304	0277
0119	0136	0260
0120	0411	0281
0121	0414	0274
0122	0396	0274
0123	0438	0269
0124	0821	0272
0125	0420	0268
0126	0433	0265
0127	0405	0263
0128	0810	0268
0129	0429	0265
0130	0403	0262
0131	0388	0274
0132	0803	0265
0133	0399	0274
0134	0405	0269
0135	0796	0266
0136	0698	0271
0137	0380	0273
0138	0566	0274
0139	0328	0277
0140	0316	0276
0141	0394	0269
0142	0401	0279
0143	0401	0281
0144	0795	0269
0145	0400	0283
0146	0399	0277
0147	0395	0281
0148	0852	0276
0149	0383	0275
0150	0444	0278
0151	0429	0282
0152	0822	0289
0153	0424	0282
0154	0443	0283
0155	0810	0281
0156	0830	0287
0157	0496	0273
0158	0498	0282
0159	0508	0279
0160	0320	0280
0161	0388	0283
0162	0430	0275
0163	0434	0278
0164	0202	0271
0165	0849	0281
0166	0435	0283
0167	0411	0289
0168	0408	0284
0169	0900	0287
0170	0422	0282
0171	0425	0282
0172	0439	0283
0173	0835	0282
0174	0610	0287
0175	0639	0279
0176	0741	0285
0177	0506	0284
0178	0436	0284
0179	0393	0281
0180	0424	0277
0181	0437	0287
0182	0417	0284
0183	0408	0290
0184	0429	0283
0185	0859	0289
0186	0391	0290
0187	0443	0284
0188	0437	0290
0189	0830	0287
0190	0426	0289
0191	0434	0285
0192	0430	0290
0193	0864	0281
0194	0607	0285
0195	0763	0279
0196	0602	0285
0197	0376	0288
0198	0442	0285
0199	0478	0289
0200	0423	0289
0201	0440	0288
0202	0452	0290
0203	0421	0277
0204	0826	0289
0205	0421	0285
0206	0417	0282
0207	0421	0284
0208	0844	0281
0209	0443	0287
0210	0411	0269
0211	0432	0286
0212	0884	0280
0213	0598	0279
0214	0687	0285
0215	0693	0273
0216	0385	0280
0217	0425	0277
0218	0454	0271
0219	0409	0279
0220	0428	0277
0221	0461	0285
0222	0862	0273
0223	0436	0282
0224	0449	0274
0225	0436	0279
0226	0835	0269
0227	0417	0281
0228	0421	0278
0229	0412	0274
0230	0831	0283
0231	0638	0270
0232	0666	0280
0233	0413	0266
0234	0670	0281
0235	0349	0274
0236	0428	0277
0237	0437	0276
0238	0445	0276
0239	0434	0282
0240	0869	0282
0241	0460	0277
0242	0425	0277
0243	0404	0295
0244	0910	0291
0245	0423	0285
0246	0417	0290
0247	0420	0281
0248	0867	0291
0249	0621	0276
0250	0598	0287
0251	0535	0287
0252	0606	0277
0253	0667	0285
0254	0513	0282
0255	0159	0281
0256	0419	0279
0257	0372	0273
0258	0401	0288
0259	0392	0277
0260	0827	0281
0261	0411	0282
0262	0416	0279
0263	0408	0282
0264	0836	0269
0265	0422	0282
0266	0414	0279
0267	0385	0277
0268	0831	0276
0269	0635	0281
0270	0527	0281
0271	0502	0269
0272	0968	0278
0273	0552	0271
0274	0053	0287
0275	0410	0271
0276	0408	0276
0277	0403	0269
0278	0414	0272
0279	0846	0263
0280	0410	0273
0281	0410	0272
0282	0412	0271
0283	0828	0271
0284	0435	0273
0285	0357	0269
0286	0423	0270
0287	0834	0261
0288	0616	0272
0290	0657	0268
0291	0657	0270
0292	0474	0264
0293	0480	0278
0294	0653	0263
0295	0169	0265
0296	0421	0265
0297	0415	0265
0298	0414	0265
0299	0407	0265
0300	0822	0263
0301	0423	0268
0302	0418	0255
0303	0414	0259
0304	0830	0260
0305	0410	0258
0306	0432	0271
0307	0405	0254
0308	0844	0257
0309	0605	0260
0311	0585	0257
0312	0585	0258
0313	0444	0251
0314	0607	0259
0315	0424	0261
0316	0442	0255
0317	0527	0263
0318	0514	0252
0319	0518	0249
0320	0532	0262
0321	0508	0253
0322	0536	0261
0323	0514	0252
0324	0530	0259
0325	0537	0260
0326	0543	0250
0327	0523	0255
0328	0545	0252
0329	0522	0258
0330	0521	0253
0331	0593	0250
0333	0527	0254
0334	0527	0256
0335	0813	0240
0336	0211	0257
0337	0437	0249
0338	0425	0253
0339	0434	0251
0340	0408	0246
0341	0822	0256
0342	0416	0242
0343	0417	0241
0344	0431	0247
0345	0849	0253
0346	0429	0248
0347	0420	0243
0348	0424	0256
0349	0847	0250
0350	0425	0251
0351	0425	0232
0352	0424	0255
0353	0916	0249
0354	1011	0245
0355	0381	0246
0356	0397	0248
0357	0368	0255
0358	0486	0232
0359	0433	0250
0360	0426	0246
0361	0430	0247
0362	0426	0241
0363	0832	0246
0364	0423	0245
0365	0430	0244
0366	0423	0234
0367	0860	0252
0368	0424	0240
0369	0424	0239
0370	0427	0239
0371	0834	0245
0372	0644	0237
0373	1004	0238
0374	0377	0244
0375	0545	0245
0376	0368	0235
0377	0332	0239
0378	0414	0245
0379	0423	0241
0380	0432	0242
0381	0417	0234
0382	0872	0245
0383	0420	0235
0384	0423	0241
0385	0424	0246
0386	0850	0239
0387	0429	0241
0388	0438	0239
0389	0434	0247
0390	0865	0243
0391	0649	0252
0392	0828	0246
0393	0388	0250
0394	0718	0244
0395	0209	0252
0396	0435	0245
0397	0435	0244
0398	0424	0244
0399	0437	0257
0400	0815	0265
0401	0436	0257
0402	0424	0260
0403	0429	0247
0404	0858	0259
0405	0429	0259
0406	0431	0253
0407	0440	0260
0408	0844	0250
0409	0632	0259
0410	0743	0257
0411	0368	0244
0412	0700	0258
0413	0332	0256
0414	0428	0250
0415	0434	0263
0416	0429	0257
0417	0447	0256
0418	0838	0255
0419	0420	0257
0420	0447	0252
0421	0424	0258
0422	0875	0258
0423	0424	0260
0424	0430	0258
0425	0419	0250
0426	0852	0259
0427	0650	0253
0428	0782	0261
0429	0368	0278
0430	0688	0264
0431	0269	0255
0432	0435	0258
0433	0418	0244
0434	0445	0260
0435	0462	0253
0436	0920	0250
0437	0431	0255
0438	0438	0253
0439	0450	0252
0440	0921	0246
0441	0435	0250
0442	0441	0253
0443	0460	0246
0444	0925	0248
0445	0629	0251
0446	0930	0255
0448	0383	0246
0449	0383	0245
0450	0682	0250
0451	0700	0257
0452	0320	0257
0453	0568	0263
0454	0530	0257
0455	0570	0255
0456	0591	0257
0457	0526	0262
0458	0588	0264
0459	0559	0264
0460	0460	0265
0461	0592	0266
0462	0596	0259
0463	0558	0260
0464	0533	0265
0465	0531	0263
0466	0552	0264
0467	0941	0266
0468	0401	0267
0469	0528	0260
0470	0427	0260
0471	0575	0268
0472	0537	0265
0473	0536	0262
0474	0585	0271
0475	0599	0262
0476	0546	0261
0477	0538	0268
0478	0542	0254
0479	0566	0267
0480	0603	0260
0481	0549	0263
0482	0579	0266
0483	0559	0260
0484	0546	0258
0485	0607	0255
0486	0769	0260
0487	0533	0259
0488	0499	0262
0489	0479	0258
0490	0390	0263
0491	0497	0257
0492	0437	0255
0493	0427	0270
0494	0429	0265
0495	0889	0263
0496	0466	0266
0497	0447	0266
0498	0435	0261
0499	0885	0268
0500	0470	0256
0501	0431	0261
0502	0431	0264
0503	0933	0262
0504	0676	0273
0505	0574	0266
0506	0844	0267
0507	0408	0257
0508	0411	0270
0509	0522	0270
0510	0478	0276
0511	0441	0264
0512	0432	0271
0513	0450	0265
0514	0906	0260
0515	0432	0268
0516	0433	0271
0517	0473	0267
0518	0911	0269
0519	0464	0271
0520	0420	0269
0521	0439	0265
0522	0994	0263
0523	0874	0262
0524	0401	0272
0526	0504	0265
0527	0504	0265
0528	0532	0266
0529	0472	0264
0530	0453	0261
0531	0447	0266
0532	0444	0265
0533	0901	0265
0534	0432	0268
0535	0455	0268
0536	0478	0276
0537	0881	0261
0538	0460	0268
0539	0463	0266
0540	0437	0265
0541	0992	0266
0542	1002	0277
0543	0417	0271
0544	0414	0261
0545	0436	0273
0546	0526	0266
0547	0540	0276
0548	0572	0277
0549	0571	0268
0550	0499	0272
0551	0553	0271
0552	0589	0268
0553	0551	0281
0554	0540	0266
0555	0573	0271
0556	0560	0281
0557	0538	0279
0558	0560	0278
0559	0611	0266
0560	0531	0283
0561	0830	0279
0562	0397	0273
0563	0599	0274
0564	0422	0285
0565	0589	0279
0566	0545	0265
0567	0572	0284
0568	0563	0282
0569	0509	0281
0570	0559	0282
0571	0589	0290
0572	0547	0287
0573	0547	0282
0574	0562	0278
0575	0562	0292
0576	0529	0279
0577	0566	0300
0578	0578	0284
0579	0803	0283
0580	0399	0293
0581	0564	0276
0582	0335	0284
0583	0521	0292
0584	0606	0278
0585	0573	0276
0586	0545	0287
0587	0545	0281
0588	0538	0276
0589	0532	0267
0590	0581	0283
0591	0598	0281
0592	0551	0296
0593	0554	0282
0594	0546	0281
0595	0545	0293
0596	0560	0271
0597	0900	0284
0599	0534	0265
0600	0534	0288
0601	0760	0269
0602	0519	0284
0603	0434	0266
0604	0180	0278
0605	0440	0273
0606	0417	0275
0607	0451	0281
0608	0457	0292
0609	0887	0293
0610	0440	0292
0611	0426	0291
0612	0431	0301
0613	0858	0280
0614	0461	0290
0615	0462	0296
0616	0434	0298
0617	0843	0286
0618	0649	0292
0619	0786	0290
0620	0481	0296
0621	0345	0289
0622	0721	0281
0623	0422	0302
0624	0455	0302
0625	0429	0296
0626	0455	0294
0627	0439	0299
0628	0857	0297
0629	0446	0298
0630	0439	0303
0631	0462	0292
0632	0885	0297
0633	0436	0300
0634	0420	0294
0635	0438	0297
0636	0858	0301
0637	0461	0293
0638	0451	0296
0639	0439	0300
0640	0983	0292
0641	0649	0301
0642	0617	0304
0643	0607	0295
0644	0614	0290
0645	0617	0296
0647	0356	0292
0648	0356	0303
0649	0575	0299
0650	0497	0289
0651	0431	0295
0652	0438	0290
0653	0446	0297
0654	0461	0285
0655	0942	0283
0656	0449	0292
0657	0428	0287
0658	0431	0280
0659	0872	0285
0660	0433	0276
0661	0453	0287
0662	0459	0282
0663	0879	0276
0664	0438	0285
0665	0436	0273
0666	0906	0292
0667	0963	0288
0668	0610	0281
0669	0610	0286
0670	0604	0283
0672	0373	0285
0673	0373	0276
0674	0654	0284
0675	0652	0284
0676	0237	0278
0677	0460	0287
0678	0441	0282
0679	0447	0285
0680	0434	0282
0681	0894	0274
0682	0439	0285
0683	0454	0275
0684	0417	0285
0685	0854	0277
0686	0454	0279
0687	0469	0282
0688	0484	0278
0689	0890	0276
0690	0440	0269
0691	0436	0261
0692	0853	0272
0693	0644	0266
0694	0598	0263
0695	0592	0265
0696	0580	0242
0697	0724	0263
0698	0563	0261
0699	0157	0140
0700	0438	0298
0701	0453	0298
0702	0443	0271
0703	0430	0253
0704	0869	0324
0705	0427	0307
0706	0446	0266
0707	0434	0238
0708	0885	0234
0709	0442	0219
0710	0444	0191
0711	0445	0235
0712	0857	0203
0713	0656	0199
0714	1116	0191
0715	0484	0193
0716	0476	0137
0717	0589	0232
0718	0123	0186
0719	0479	0204
0720	0464	0154
0721	0443	0241
0722	0440	0219
0723	0854	0212
0724	0467	0226
0725	0445	0194
0726	0465	0272
0727	0900	0182
0728	0425	0282
0729	0448	0191
0730	0440	0267
0731	0881	0225
0732	0690	0226
0733	1036	0209
0734	0475	0230
0735	0461	0257
0736	0450	0233
0737	0343	0238
0738	0593	0242
0739	0575	0204
0740	0547	0271
0741	0510	0238
0742	0544	0234
0743	0531	0210
0744	0582	0292
0745	0577	0217
0746	0553	0298
0747	0567	0263
0748	0546	0263
0749	0521	0258
0750	0542	0265
0751	0583	0220
0752	0934	0285
0753	0454	0259
0754	0438	0259
0755	0398	0229
0756	0548	0252
0757	0560	0244
0758	0589	0287
0759	0572	0224
0760	0559	0295
0761	0551	0255
0762	0543	0264
0763	0535	0257
0764	0585	0267
0765	0552	0268
0766	0541	0276
0767	0541	0240
0768	0593	0279
0769	0567	0277
0770	0859	0309
0771	0486	0268
0772	0435	0282
0773	0390	0231
0774	0578	0280
0775	0552	0328
0776	0544	0232
0777	0566	0321
0778	0541	0217
0779	0553	0318
0780	0551	0263
0781	0572	0274
0782	0544	0273
0783	0553	0212
0784	0547	0269
0785	0546	0265
0786	0560	0249
0787	0545	0312
0788	0864	0207
0789	0574	0316
0790	0491	0208
0791	0232	0324
0792	0579	0261
0793	0539	0209
0794	0544	0279
0795	0552	0327
0796	0546	0276
0797	0553	0274
0798	0534	0273
0799	0538	0179
0800	0605	0252
0801	0577	0218
0802	0547	0332
0803	0551	0273
0804	0556	0222
0805	0539	0332
0806	0783	0276
0807	0397	0217
0808	0801	0341
0809	0160	0284
0810	0476	0280
0811	0441	0281
0812	0460	0279
0813	0456	0287
0814	0922	0226
0815	0434	0335
0816	0460	0280
0817	0452	0288
0818	0923	0279
0819	0458	0277
0820	0451	0277
0821	0466	0214
0822	0909	0268
0823	0461	0274
0824	0423	0280
0825	0902	0334
0826	0826	0280
0827	0411	0283
0828	0822	0273
0829	0224	0227
0830	0459	0338
0831	0462	0231
0832	0456	0341
0833	0458	0285
0834	0895	0288
0835	0455	0290
0836	0483	0282
0837	0449	0285
0838	0922	0233
0839	0447	0342
0840	0463	0289
0841	0445	0292
0842	0893	0288
0843	0664	0286
0844	0834	0236
0845	0395	0353
0846	1050	0300
0847	0017	0293
0848	0452	0231
0849	0458	0348
0850	0460	0223
0851	0465	0338
0852	0908	0287
0853	0465	0286
0854	0452	0286
0855	0481	0289
0856	0899	0295
0857	0441	0226
0858	0451	0348
0859	0491	0295
0860	0921	0293
0861	0672	0297
0862	0856	0239
0863	0434	0356
0864	0820	0292
0865	0182	0287
0866	0465	0289
0867	0458	0239
0868	0477	0351
0869	0457	0292
0870	0896	0295
0871	0443	0289
0872	0466	0295
0873	0479	0234
0874	0923	0299
0875	0452	0299
0876	0459	0294
0877	0453	0297
0878	1018	0300
0879	0876	0295
0880	0387	0294
0881	0799	0348
0882	0199	0242
0883	0467	0350
0884	0455	0241
0885	0473	0294
0886	0447	0346
0887	0920	0291
0888	0457	0250
0889	0454	0301
0890	0467	0345
0891	0892	0295
0892	0468	0297
0893	0461	0252
0894	0449	0333
0895	0796	0295
0896	0708	0293
0897	0762	0287
0898	0742	0247
0899	0356	0338
0900	0427	0290
0901	0452	0249
0902	0467	0328
0903	0463	0287
0904	0453	0249
0905	0921	0288
0906	0454	0332
0907	0454	0249
0908	0465	0322
0909	0910	0245
0910	0461	0325
0911	0460	0248
0912	0468	0287
0913	1020	0322
0914	0768	0246
0915	0400	0285
0916	0739	0284
0917	0401	0327
0918	0455	0287
0919	0452	0287
0920	0473	0284
0921	0460	0285
0922	0907	0250
0923	0475	0314
0924	0453	0285
0925	0453	0278
0926	0907	0246
0927	0450	0325
0928	0472	0289
0929	0430	0292
0930	0917	0251
0931	0686	0280
0932	0889	0337
0933	0455	0294
0934	0435	0296
0935	0836	0298
0936	0252	0300
0937	0450	0253
0938	0468	0285
0939	0463	0295
0940	0457	0330
0941	0934	0292
0942	0452	0292
0943	0458	0254
0944	0475	0321
0945	0898	0252
0946	0456	0296
0947	0472	0323
0948	0455	0292
0949	0931	0287
0950	0449	0252
0951	0800	0293
0952	0871	0288
0953	0653	0277
0954	0531	0327
0955	0426	0250
0956	0377	0288
0957	0470	0292
0958	0452	0322
0959	0449	0243
0960	0464	0284
0961	0931	0282
0962	0461	0325
0963	0464	0242
0964	0420	0317
0965	0910	0279
0966	0470	0236
0967	0454	0279
0968	0466	0316
0969	1026	0282
0970	0943	0244
0971	0478	0277
0972	0490	0318
0973	0694	0236
0974	0241	0275
0975	0580	0314
0976	0571	0287
0977	0560	0275
0978	0587	0280
0979	0554	0278
0980	0587	0278
0981	0565	0274
0982	0576	0233
0983	0566	0276
0984	0558	0314
0985	0593	0231
0986	0575	0308
0987	0549	0233
0989	0632	0271
0990	0632	0308
0991	0557	0234
0992	0520	0266
0993	0518	0306
0994	0582	0273
0995	0570	0265
0996	0592	0265
0997	0560	0257
0998	0578	0230
0999	0583	0270
1000	0573	0260
1001	0540	0308
1002	0581	0269
1003	0587	0224
1004	0566	0260
1005	0579	0266
1006	0572	0265
1007	1062	0309
1008	0531	0263
1009	0462	0268
1010	0230	0260
1011	0574	0269
1012	0598	0265
1013	0601	0222
1014	0574	0262
1015	0574	0303
1016	0573	0228
1017	0583	0258
1018	0569	0297
1019	0556	0265
1020	0576	0259
1021	0559	0265
1022	0602	0260
1023	0597	0218
1025	0575	0259
1026	0575	0289
1027	0575	0262
1028	0575	0221
1029	0697	0262
1030	0521	0294
1031	0527	0223
1032	0536	0287
1033	1120	0258
1034	0002	0223
1035	0525	0257
1036	0453	0297
1037	0450	0257
1038	0466	0260
1039	0915	0223
1040	0463	0252
1041	0452	0292
1042	0462	0259
1043	0911	0258
1044	0478	0220
1045	0443	0257
1046	0466	0285
1047	0909	0253
1048	0451	0257
1049	0460	0215
1050	0454	0255
1051	0957	0287
1052	0457	0250
1053	0475	0256
1054	0804	0241
1055	1053	0212
1056	0542	0284
1057	0674	0225
1058	0004	0284
1059	0581	0250
1060	0575	0246
1061	0565	0221
1062	0575	0246
1063	0591	0282
1064	0574	0219
1065	0569	0253
1066	0575	0247
1067	0566	0282
1068	0569	0245
1069	0565	0252
1070	0583	0225
1071	0573	0282
1072	0571	0250
1073	0910	0249
1074	0599	0252
1075	0507	0246
1076	0492	0214
1077	0314	0284
1078	0471	0250
1079	0474	0256
1080	0478	0250
1081	0453	0222
1082	0905	0276
1083	0455	0257
1084	0469	0261
1085	0456	0263
1086	0925	0263
1087	0457	0231
1088	0470	0276
1089	0459	0230
1090	1022	0276
1091	1064	0255
1092	0560	0255
1094	0343	0232
1095	0343	0277
1096	1005	0254
1097	0130	0228
1098	0453	0276
1099	0468	0239
1100	0445	0282
1101	0475	0238
1102	0923	0261
1103	0456	0261
1104	0447	0253
1105	0467	0274
1106	0926	0242
1107	0453	0278
1108	0455	0260
1109	0452	0233
1110	0932	0282
1111	0685	0250
1112	1102	0255
1113	0560	0236
1114	0660	0255
1115	0514	0279
1116	0126	0257
1117	0476	0232
1118	0481	0250
1119	0470	0253
1120	0471	0281
1121	0949	0231
1122	0486	0277
1123	0476	0229
1124	0481	0279
1125	0950	0237
1126	0501	0253
1127	0448	0268
1128	0957	0252
1130	0636	0234
1131	0636	0269
1132	0541	0233
1133	1045	0251
1134	0115	0266
1135	0616	0234
1136	0599	0260
1137	0596	0261
1138	0597	0260
1139	0606	0280
1140	0590	0239
1141	0582	0255
1142	0599	0277
1143	0596	0246
1144	0609	0284
1145	0595	0262
1146	0594	0243
1147	0603	0271
1148	0829	0276
1149	0792	0266
1151	0445	0247
1152	0445	0277
1153	0660	0247
1154	0737	0267
1155	0254	0271
1156	0471	0261
1157	0480	0267
1158	0482	0285
1159	0475	0269
1160	0945	0252
1161	0495	0271
1162	0483	0278
1163	0475	0246
1164	0940	0277
1165	0489	0268
1166	0463	0264
1167	0501	0265
1168	0955	0258
1169	0482	0248
1170	0844	0271
1171	0658	0260
1172	0768	0248
1173	0710	0267
1174	0247	0257
1175	0471	0273
1176	0473	0263
1177	0482	0253
1178	0480	0273
1179	0958	0258
1180	0458	0266
1181	0494	0263
1182	0476	0270
1183	0966	0259
1184	0472	0274
1185	0464	0261
1186	0460	0260
1187	0957	0268
1188	0486	0269
1189	0470	0269
1190	0484	0272
1191	1061	0269
1192	0639	0266
1193	0621	0268
1194	0815	0275
1195	0321	0268
1196	0486	0266
1197	0493	0256
1198	0459	0284
1199	0479	0258
1200	0948	0276
1201	0493	0262
1202	0459	0272
1203	0487	0269
1204	0933	0265
1205	0501	0279
1206	0465	0268
1207	0478	0266
1208	0949	0265
1209	0486	0278
1210	0465	0274
1211	0950	0268
1212	0582	0261
1213	0838	0255
1214	0683	0266
1215	0646	0272
1216	0634	0269
1217	0629	0273
1218	0138	0269
1219	0451	0262
1220	0477	0268
1221	0469	0271
1222	0491	0276
1223	0932	0273
1224	0480	0263
1225	0455	0269
1226	0507	0275
1227	0942	0270
1228	0481	0271
1229	0464	0271
1230	0494	0268
1231	1051	0281
1232	0987	0274
1233	0472	0277
1234	0405	0263
1235	0803	0271
1236	0296	0274
1237	0486	0271
1238	0492	0271
1239	0454	0278
1240	0490	0277
1241	0943	0279
1242	0475	0271
1243	0469	0277
1244	0471	0284
1245	0957	0276
1246	0478	0274
1247	0469	0291
1248	0468	0279
1249	0959	0271
1250	0497	0276
1251	0809	0295
1252	0745	0278
1253	0693	0285
1254	0657	0291
1255	0231	0281
1256	0490	0285
1257	0484	0285
1258	0473	0283
1259	0474	0292
1260	0954	0297
1261	0486	0289
1262	0477	0293
1263	0463	0282
1264	0949	0284
1265	0474	0284
1266	0479	0295
1267	0469	0281
1268	0947	0284
1269	0469	0284
1270	0487	0269
1271	0465	0278
1272	1056	0285
1273	0641	0281
1274	0644	0282
1275	0623	0268
1276	0472	0297
1277	0469	0289
1278	0480	0287
1279	0459	0285
1280	0468	0278
1281	0947	0273
1282	0493	0279
1283	0468	0274
1284	0467	0281
1285	0957	0271
1286	0472	0273
1287	0485	0279
1288	0458	0274
1289	0953	0279
1290	0480	0287
1291	0495	0293
1292	0937	0291
1293	0629	0305
1294	0635	0291
1295	0636	0292
1296	0455	0291
1297	0467	0295
1298	0471	0290
1299	0492	0290
1300	0473	0290
1301	0937	0295
1302	0475	0296
1303	0482	0289
1304	0468	0293
1305	0960	0302
1306	0480	0300
1307	0471	0305
1308	0474	0303
1309	0963	0305
1310	0461	0301
1311	0492	0297
1312	0931	0300
1313	0641	0300
1314	0620	0296
1315	0629	0302
1316	0495	0304
1317	0424	0303
1318	0478	0297
1319	0477	0298
1320	0450	0295
1321	0872	0301
1322	0408	0306
1323	0438	0304
1324	0473	0295
1325	0917	0305
1326	0428	0306
1327	0440	0303
1328	0437	0299
1329	0841	0297
1330	0445	0300
1331	0436	0298
1332	0440	0299
1333	0831	0297
1334	0662	0301
1335	0613	0294
1336	0612	0289
1337	0598	0284
1338	0424	0295
1339	0419	0290
1340	0409	0285
1341	0435	0287
1342	0447	0287
1343	0866	0279
1344	0411	0293
1345	0429	0289
1346	0461	0282
1347	0891	0296
1348	0438	0293
1349	0441	0289
1350	0442	0288
1351	0889	0290
1352	0450	0285
1353	0439	0285
1354	0439	0287
1355	0955	0285
1356	0598	0285
1357	0597	0292
1358	0570	0279
1359	0420	0288
1360	0415	0286
1361	0443	0277
1362	0463	0290
1363	0465	0278
1364	0873	0286
1365	0444	0287
1366	0441	0276
1367	0429	0289
1368	0920	0281
1369	0442	0278
1370	0440	0274
1371	0424	0268
1372	0900	0268
1373	0401	0276
1374	0439	0269
1375	0467	0265
1376	0863	0261
1377	0668	0266
1378	0572	0131
1379	0569	0263
1380	0610	0349
1381	0443	0286
1382	0424	0246
1383	0462	0299
1384	0442	0324
1385	0434	0292
1386	0866	0247
1387	0461	0223
1388	0453	0219
1389	0429	0209
1390	0893	0221
1391	0428	0214
1392	0447	0213
1393	0470	0215
1394	0841	0207
1395	0459	0264
1396	0443	0335
1397	0448	0268
1398	0874	0231
1399	0674	0283
1400	0601	0303
1401	0644	0298
1402	0570	0242
1403	0356	0226
1404	0463	0210
1405	0447	0202
1406	0433	0201
1407	0445	0196
1408	0906	0193
1409	0411	0190
1410	0435	0189
1411	0414	0183
1412	0842	0176
1413	0445	0177
1414	0386	0186
1415	0424	0189
1416	0837	0197
1417	0434	0191
1418	0424	0209
1419	0421	0210
1420	0853	0209
1421	0622	0215
1423	0654	0226
1424	0654	0225
1425	0654	0225
1426	0654	0227
1427	0317	0230
1428	0293	0214
1429	0582	0217
1430	0777	0234
1431	0006	0227
1432	0426	0224
1433	0802	0234
1434	0429	0220
1435	0413	0227
1436	0418	0205
1437	0419	0236
1438	0860	0231
1439	0421	0227
1440	0428	0232
1441	0421	0241
1442	0854	0217
1443	0420	0240
1444	0431	0250
1445	0422	0253
1446	0844	0244
1447	0445	0236
1448	0402	0262
1449	0429	0250
1450	0923	0252
1451	0626	0242
1452	0635	0246
1453	0884	0244
1455	0526	0249
1456	0526	0246
1458	0374	0247
1459	0374	0248
1460	0714	0247
1461	0701	0246
1462	0151	0253
1463	0450	0250
1464	0452	0252
1465	0418	0268
1466	0447	0258
1467	0894	0270
1468	0438	0261
1469	0437	0276
1470	0435	0266
1471	0900	0268
1472	0446	0263
1473	0457	0269
1474	0438	0266
1475	0889	0274
1476	0650	0260
1477	0682	0274
1479	0471	0263
1480	0471	0266
1481	0653	0264
1482	0621	0259
1483	0630	0260
1485	0365	0256
1486	0365	0266
1487	0508	0257
1488	0405	0261
1489	0428	0250
1490	0409	0255
1491	0422	0252
1492	0861	0250
1493	0418	0247
1494	0419	0257
1495	0418	0262
1496	0858	0267
1497	0434	0259
1498	0427	0264
1499	0400	0260
1500	0856	0257
1501	0618	0262
1502	0859	0271
1503	0611	0268
1504	0613	0269
1506	0380	0264
1507	0380	0265
1508	0625	0261
1509	0583	0266
1510	0580	0263
1511	0114	0269
1512	0421	0272
1513	0433	0269
1514	0418	0277
1515	0407	0276
1516	0854	0277
1517	0434	0260
1518	0429	0281
1519	0408	0274
1520	0865	0274
1521	0412	0269
1522	0412	0272
1523	0425	0268
1524	0855	0265
1525	0431	0263
1526	0421	0268
1527	0421	0265
1528	0952	0262
1529	0516	0274
1530	0538	0265
1531	0513	0274
1533	0606	0269
1534	0606	0266
1535	0384	0271
1536	0529	0273
1537	0516	0274
1538	0531	0277
1539	0528	0276
1540	0535	0269
1541	0521	0279
1542	0527	0281
1543	0542	0269
1544	0513	0283
1545	0534	0277
1546	0520	0281
1547	0519	0276
1548	0545	0275
1549	0528	0278
1550	0624	0282
1551	0506	0289
1552	0511	0282
1553	0600	0283
1554	0374	0281
1555	0548	0287
1556	0522	0273
1557	0537	0282
1558	0541	0279
1559	0516	0280
1560	0532	0283
1561	0510	0275
1562	0549	0278
1563	0534	0271
1564	0521	0281
1565	0532	0283
1566	0510	0289
1567	0549	0284
1568	0524	0287
1569	0911	0282
1570	0446	0282
1571	0462	0283
1572	0300	0282
1573	0399	0287
1574	0433	0279
1575	0428	0285
1576	0394	0284
1577	0868	0284
1578	0413	0281
1579	0429	0277
1580	0435	0287
1581	0816	0284
1582	0424	0290
1583	0422	0283
1584	0431	0289
1585	0845	0290
1586	0634	0284
1587	1002	0290
1588	0470	0287
1589	0483	0289
1590	0471	0285
1591	0214	0290
1592	0005	0281
1593	0684	0285
1594	0427	0279
1595	0411	0285
1596	0420	0288
1597	0845	0285
1598	0414	0289
1599	0437	0289
1600	0421	0288
1601	0845	0290
1602	0428	0277
1603	0412	0289
1604	0426	0285
1605	0846	0282
1606	0597	0284
1607	0915	0281
1608	0537	0287
1609	0428	0269
1610	0429	0286
1611	0335	0280
1612	0527	0279
1613	0586	0285
1614	0551	0273
1615	0514	0280
1616	0555	0277
1617	0501	0271
1618	0556	0279
1619	0522	0277
1620	0588	0285
1621	0531	0273
1622	0539	0282
1623	0549	0274
1624	0517	0279
1625	0539	0269
1626	0541	0281
1627	0955	0278
1628	0421	0274
1629	0189	0283
1630	0451	0270
1631	0416	0280
1632	0425	0266
1633	0397	0281
1634	0859	0274
1635	0427	0277
1636	0414	0276
1637	0429	0276
1638	0840	0282
1639	0384	0282
1640	0420	0277
1641	0415	0277
1642	0852	0295
1643	0629	0291
1644	0577	0285
1645	0505	0290
1647	0580	0281
1648	0580	0291
1649	0458	0276
1650	0456	0287
1651	0527	0287
1652	0531	0277
1653	0546	0285
1654	0523	0282
1655	0525	0281
1656	0515	0279
1657	0531	0273
1658	0546	0288
1659	0505	0277
1660	0541	0281
1661	0521	0282
1662	0506	0279
1663	0545	0282
1664	0525	0269
1665	0538	0282
1666	0732	0279
1667	0547	0277
1668	0591	0276
1669	0510	0281
1670	0231	0281
1671	0415	0269
1672	0437	0278
1673	0416	0271
1674	0428	0287
1675	0851	0271
1676	0410	0276
1677	0440	0269
1678	0399	0272
1679	0832	0263
1680	0426	0273
1681	0411	0272
1682	0453	0271
1683	0831	0271
1684	0434	0273
1685	0380	0269
1686	0841	0270
1688	0536	0261
1689	0536	0272
1690	0740	0268
1691	0588	0270
1692	0517	0264
1693	0499	0278
1694	0233	0263
1695	0424	0265
1696	0417	0265
1697	0424	0265
1698	0404	0265
1699	0847	0265
1700	0418	0263
1701	0429	0268
1702	0404	0255
1703	0856	0259
1704	0423	0260
1705	0422	0258
1706	0410	0271
1707	0830	0254
1708	0437	0257
1709	0454	0260
1710	0843	0257
1711	1014	0258
1712	0456	0251
1713	0427	0259
1714	0425	0261
1715	0277	0255
1716	0439	0263
1717	0421	0252
1718	0432	0249
1719	0397	0262
1720	0831	0253
1721	0436	0261
1722	0404	0252
1723	0405	0259
1724	0834	0260
1725	0428	0250
1726	0420	0255
1727	0414	0252
1728	0832	0258
1729	0616	0253
1730	0502	0250
1731	0728	0254
1732	0491	0256
1733	0483	0240
1734	0626	0257
1735	0458	0249
1736	0424	0253
1737	0390	0251
1738	0412	0246
1739	0428	0256
1740	0424	0242
1741	0823	0241
1742	0419	0247
1743	0412	0253
1744	0431	0248
1745	0797	0243
1746	0419	0256
1747	0420	0250
1748	0424	0251
1749	0819	0232
1750	0420	0255
1751	0419	0249
1752	0840	0245
1753	0936	0246
1754	0481	0248
1755	0522	0255
1756	0482	0232
1757	0156	0250
1758	0399	0246
1759	0452	0247
1760	0440	0241
1761	0451	0246
1762	0810	0245
1763	0429	0244
1764	0419	0234
1765	0433	0252
1766	0795	0240
1767	0414	0239
1768	0429	0239
1769	0427	0245
1770	0802	0237
1771	0618	0238
1772	0635	0244
1773	0460	0245
1774	0536	0235
1775	0490	0239
1776	0537	0245
1777	0357	0241
1778	0500	0242
1779	0509	0234
1780	0474	0245
1781	0503	0235
1782	0545	0241
1783	0507	0246
1784	0507	0239
1785	0516	0241
1786	0491	0239
1787	0479	0247
1788	0509	0243
1789	0484	0252
1790	0505	0246
1791	0504	0250
1792	0494	0244
1793	0499	0252
1794	0725	0245
1795	0686	0244
1797	0339	0244
1798	0339	0257
1799	0599	0265
1800	0380	0257
1801	0375	0260
1802	0409	0247
1803	0378	0259
1804	0392	0259
1805	0396	0253
1806	0827	0260
1807	0402	0250
1808	0401	0259
1809	0394	0257
1810	0781	0244
1811	0390	0258
1812	0400	0256
1813	0395	0250
1814	0784	0263
1815	0405	0257
1816	0687	0256
1817	0568	0255
1819	0499	0257
1820	0499	0252
1821	0499	0258
1822	0499	0258
1823	0499	0260
1824	0499	0258
1825	0499	0250
1826	0499	0259
1827	0499	0253
1828	0499	0261
1829	0499	0278
1830	0499	0264
1831	0499	0255
1832	0499	0258
1833	0207	0244
1835	0463	0260
1836	0463	0253
1837	0578	0250
1838	0393	0255
1839	0460	0253
1840	0244	0252
1841	0235	0246
1842	0245	0250
1843	0244	0253
1844	0235	0246
1845	0236	0248
1846	0230	0251
1847	0251	0255
1848	0239	0246
1849	0236	0245
1850	0237	0250
1851	0000	0000
1852	0000	0000
1853	0000	0000
1854	0000	0000
1855	0000	0000
1856	0000	0000
1857	0000	0000
1858	0000	0000
1859	0000	0000
1860	0000	0000
1861	0000	0000
1862	0000	0000
1863	0000	0000
1864	0000	0000
1865	0000	0000
1866	0099	0000
1867	0739	0000
1868	0591	0000
1869	0511	0000
1870	0347	0000
1871	0576	0000
1872	0572	0000
1873	0502	0000
1874	0268	0000
1875	0367	0000
1876	0337	0000
1877	0325	0000
1878	0404	0000
1879	0286	0000
1880	0404	0000
1881	0262	0000
1882	0399	0000
1883	0395	0000
1884	0288	0000
1885	0394	0000
1886	0403	0000
1887	0269	0000
1888	0302	0000
1889	0343	0000
1890	0397	0000
1891	0415	0000
1892	0325	0000
1893	0287	0000
1894	0371	0000
1895	0343	0000
1896	0473	0000
1897	0348	0000
1898	0310	0000
1899	0255	0000
1900	0397	0000
1901	0331	0000
1902	0309	0000
1903	0290	0000
1904	0327	0000
1905	0447	0000
1906	0342	0000
1907	0476	0000
1908	0421	0000
1909	0407	0000
1910	0395	0000
1911	0404	0000
1912	0368	0000
1913	0417	0000
1914	0453	0000
1915	0335	0000
1916	0455	0000
1917	0341	0000
1918	0464	0000
1919	0352	0000
1920	0450	0000
1921	0375	0000
1922	0504	0000
1923	0415	0000
1924	0448	0000
1925	0396	0000
1926	0455	0000
1927	0395	0000
1928	0500	0000
1929	0485	0000
1930	0413	0000
1931	0499	0000
1932	0542	0000
1933	0529	0000
1934	0523	0000
1935	0527	0000
1936	0376	0000
1937	0528	0000
1938	0528	0000
1939	0506	0000
1940	0517	0000
1941	0446	0000
1942	0420	0000
1943	0434	0000
1944	0451	0000
1945	0406	0000
1946	0461	0000
1947	0475	0000
1948	0554	0000
1949	0542	0000
1950	0547	0000
1951	0552	0000
1952	0562	0000
1953	0516	0000
1954	0538	0000
1955	0537	0000
1956	0539	0000
1957	0532	0000
1958	0540	0000
1959	0383	0000
1960	0498	0000
1961	0400	0000
1962	0500	0000
1963	0403	0000
1964	0477	0000
1965	0419	0000
1966	0454	0000
1967	0440	0000
1968	0435	0000
1969	0442	0000
1970	0432	0000
1971	0460	0000
1972	0410	0000
1973	0481	0000
1974	0382	0000
1975	0498	0000
1976	0459	0000
1977	0411	0000
1978	0478	0000
1979	0441	0000
1980	0461	0000
1981	0459	0000
1982	0437	0000
1983	0464	0000
1984	0416	0000
1985	0496	0000
1986	0398	0000
1987	0508	0000
1988	0406	0000
1989	0508	0000
1990	0418	0000
1991	0552	0000
1992	0542	0000
1993	0404	0000
1994	0513	0000
1995	0537	0000
1996	0533	0000
1997	0522	0000
1998	0406	0000
1999	0505	0000
2000	0437	0000
2001	0458	0000
2002	0439	0000
2003	0470	0000
2004	0461	0000
2005	0452	0000
2006	0476	0000
2007	0428	0000
2008	0501	0000
2009	0526	0000
2010	0545	0000
2011	0555	0000
2012	0547	0000
2013	0539	0000
2014	0535	0000
2015	0402	0000
2016	0513	0000
2017	0421	0000
2018	0486	0000
2019	0430	0000
2020	0477	0000
2021	0446	0000
2022	0556	0000
2023	0418	0000
2024	0511	0000
2025	0530	0000
2026	0540	0000
2027	0552	0000
2028	0542	0000
2029	0532	0000
2030	0542	0000
2031	0536	0000
2032	0558	0000
2033	0534	0000
2034	0553	0000
2035	0536	0000
2036	0538	0000
2037	0548	0000
2038	0528	0000
2039	0532	0000
2040	0536	0000
2041	0525	0000
2042	0545	0000
2043	0526	0000
2044	0539	0000
2045	0530	0000
2046	0539	0000
2047	0534	0000
2048	0524	0000
2049	0543	0000
2050	0525	0000
2051	0467	0000
2052	0538	0000
2053	0537	0000
2054	0539	0000
2055	0542	0000
2056	0549	0000
2057	0542	0000
2058	0541	0000
2059	0544	0000
2060	0539	0000
2061	0532	0000
2062	0544	0000
2063	0561	0000
2064	0524	0000
2065	0546	0000
2066	0550	0000
2067	0557	0000
2068	0546	0000
2069	0568	0000
2070	0556	0000
2071	0560	0000
2072	0564	0000
2073	0554	0000
2074	0557	0000
2075	0564	0000
2076	0555	0000
2077	0535	0000
2078	0549	0000
2079	0550	0000
2080	0565	0000
2081	0553	0000
2082	0550	0000
2083	0557	0000
2084	0561	0000
2085	0569	0000
2086	0543	0000
2087	0541	0000
2088	0552	0000
2089	0553	0000
2090	0544	0000
2091	0547	0000
2092	0549	0000
2093	0551	0000
2094	0560	0000
2095	0544	0000
2096	0555	0000
2097	0549	0000
2098	0550	0000
2099	0514	0000
2100	0558	0000
2101	0554	0000
2102	0552	0000
2103	0579	0000
2104	0515	0000
2105	0562	0000
2106	0557	0000
2107	0540	0000
2108	0544	0000
2109	0555	0000
2110	0540	0000
2111	0553	0000
2112	0556	0000
2113	0543	0000
2114	0551	0000
2115	0544	0000
2116	0546	0000
2117	0538	0000
2118	0558	0000
2119	0524	0000
2120	0541	0000
2121	0556	0000
2122	0511	0000
2123	0542	0000
2124	0534	0000
2125	0533	0000
2126	0531	0000
2127	0525	0000
2128	0527	0000
2129	0519	0000
2130	0522	0000
2131	0533	0000
2132	0522	0000
2133	0531	0000
2134	0517	0000
2135	0519	0000
2136	0530	0000
2137	0514	0000
2138	0538	0000
2139	0512	0000
2140	0520	0000
2141	0515	0000
2142	0499	0000
2143	0535	0000
2144	0502	0000
2145	0512	0000
2146	0495	0000
2147	0524	0000
2148	0455	0000
2149	0502	0000
2150	0509	0000
2151	0500	0000
2152	0507	0000
2153	0492	0000
2154	0514	0000
2155	0481	0000
2156	0505	0000
2157	0490	0000
2158	0327	0000
2159	0403	0000
2160	0487	0000
2161	0337	0000
2162	0461	0000
2163	0315	0000
2164	0416	0000
2165	0481	0000
2166	0491	0000
2167	0431	0000
2168	0340	0000
2169	0456	0000
2170	0351	0000
2171	0423	0000
2172	0368	0000
2173	0426	0000
2174	0337	0000
2175	0457	0000
2176	0510	0000
2177	0443	0000
2178	0385	0000
2179	0405	0000
2180	0491	0000
2181	0316	0000
2182	0398	0000
2183	0497	0000
2184	0312	0000
2185	0356	0000
2186	0374	0000
2187	0392	0000
2188	0354	0000
2189	0459	0000
2190	0400	0000
2191	0346	0000
2192	0465	0000
2193	0390	0000
2194	0340	0000
2195	0425	0000
2196	0333	0000
2197	0432	0000
2198	0331	0000
2199	0439	0000
2200	0310	0000
2201	0453	0000
2202	0302	0000
2203	0417	0000
2204	0343	0000
2205	0424	0000
2206	0345	0000
2207	0332	0000
2208	0354	0000
2209	0410	0000
2210	0300	0000
2211	0325	0000
2212	0439	0000
2213	0331	0000
2214	0450	0000
2215	0323	0000
2216	0483	0000
2217	0415	0000
2218	0319	0000
2219	0455	0000
2220	0306	0000
2221	0449	0000
2222	0311	0000
2223	0418	0000
2224	0350	0000
2225	0420	0000
2226	0345	0000
2227	0385	0000
2228	0379	0000
2229	0385	0000
2230	0368	0000
2231	0343	0000
2232	0323	0000
2233	0444	0000
2234	0307	0000
2235	0338	0000
2236	0416	0000
2237	0349	0000
2238	0372	0000
2239	0388	0000
2240	0374	0000
2241	0391	0000
2242	0346	0000
2243	0317	0000
2244	0488	0000
2245	0439	0000
2246	0403	0000
2247	0383	0000
2248	0406	0000
2249	0337	0000
2250	0444	0000
2251	0506	0000
2252	0394	0000
2253	0333	0000
2254	0465	0000
2255	0491	0000
2256	0364	0000
2257	0354	0000
2258	0474	0000
2259	0513	0000
2260	0323	0000
2261	0381	0000
2262	0479	0000
2263	0494	0000
2264	0503	0000
2265	0457	0000
2266	0315	0000
2267	0458	0000
2268	0476	0000
2269	0486	0000
2270	0508	0000
2271	0511	0000
2272	0289	0000
2273	0371	0000
2274	0500	0000
2275	0508	0000
2276	0509	0000
2277	0364	0000
2278	0369	0000
2279	0471	0000
2280	0492	0000
2281	0495	0000
2282	0498	0000
2283	0411	0000
2284	0342	0000
2285	0464	0000
2286	0501	0000
2287	0499	0000
2288	0501	0000
2289	0510	0000
2290	0395	0000
2291	0351	0000
2292	0488	0000
2293	0503	0000
2294	0527	0000
2295	0315	0000
2296	0399	0000
2297	0496	0000
2298	0510	0000
2299	0530	0000
2300	0394	0000
2301	0363	0000
2302	0492	0000
2303	0518	0000
2304	0371	0000
2305	0377	0000
2306	0504	0000
2307	0500	0000
2308	0516	0000
2309	0286	0000
2310	0443	0000
2311	0490	0000
2312	0525	0000
2313	0410	0000
2314	0356	0000
2315	0474	0000
2316	0510	0000
2317	0383	0000
2318	0358	0000
2319	0492	0000
2320	0518	0000
2321	0521	0000
2322	0540	0000
2323	0512	0000
2324	0511	0000
2325	0498	0000
2326	0300	0000
2327	0470	0000
2328	0480	0000
2329	0518	0000
2330	0529	0000
2331	0518	0000
2332	0346	0000
2333	0484	0000
2334	0530	0000
2335	0545	0000
2336	0334	0000
2337	0408	0000
2338	0516	0000
2339	0341	0000
2340	0381	0000
2341	0502	0000
2342	0523	0000
2343	0306	0000
2344	0425	0000
2345	0511	0000
2346	0539	0000
2347	0409	0000
2348	0349	0000
2349	0485	0000
2350	0515	0000
2351	0375	0000
2352	0367	0000
2353	0501	0000
2354	0526	0000
2355	0569	0000
2356	0287	0000
2357	0423	0000
2358	0506	0000
2359	0536	0000
2360	0452	0000
2361	0329	0000
2362	0492	0000
2363	0526	0000
2364	0394	0000
2365	0366	0000
2366	0501	0000
2367	0510	0000
2368	0517	0000
2369	0370	0000
2370	0505	0000
2371	0429	0000
2372	0426	0000
2373	0525	0000
2374	0540	0000
2375	0446	0000
2376	0420	0000
2377	0505	0000
2378	0543	0000
2379	0542	0000
2380	0397	0000
2381	0485	0000
2382	0538	0000
2383	0497	0000
2384	0532	0000
2385	0539	0000
2386	0549	0000
2387	0375	0000
2388	0489	0000
2389	0527	0000
2390	0550	0000
2391	0544	0000
2392	0573	0000
2393	0506	0000
2394	0536	0000
2395	0555	0000
2396	0545	0000
2397	0560	0000
2398	0563	0000
2399	0363	0000
2400	0324	0000
2401	0331	0000
2402	0329	0000
2403	0321	0000
2404	0315	0000
2405	0322	0000
2406	0312	0000
2407	0308	0000
2408	0305	0000
2409	0309	0000
2410	0307	0000
2411	0304	0000
2412	0305	0000
2413	0303	0000
2414	0304	0000
2415	0302	0000
2416	0300	0000
2417	0298	0000
2418	0293	0000
2419	0294	0000
2420	0288	0000
2421	0290	0000
2422	0290	0000
2423	0294	0000
2424	0286	0000
2425	0286	0000
2426	0297	0000
2427	0291	0000
2428	0292	0000
2429	0292	0000
2430	0289	0000
2431	0279	0000
2432	0284	0000
2433	0310	0000
2434	0311	0000
2435	0309	0000
2436	0311	0000
2437	0311	0000
2438	0311	0000
2439	0313	0000
2440	0305	0000
2441	0302	0000
2442	0301	0000
2443	0311	0000
2444	0316	0000
2445	0309	0000
2446	0309	0000
2447	0304	0000
2448	0307	0000
2449	0304	0000
2450	0305	0000
2451	0306	0000
2452	0303	0000
2453	0308	0000
2454	0307	0000
2455	0305	0000
2456	0301	0000
2457	0308	0000
2458	0310	0000
2459	0320	0000
2460	0315	0000
2461	0187	0000
2462	0271	0000
2463	0317	0000
2464	0318	0000
2465	0312	0000
2466	0316	0000
2467	0312	0000
2468	0312	0000
2469	0314	0000
2470	0306	0000
2471	0319	0000
2472	0320	0000
2473	0319	0000
2474	0317	0000
2475	0315	0000
2476	0310	0000
2477	0307	0000
2478	0323	0000
2479	0310	0000
2480	0314	0000
2481	0319	0000
2482	0319	0000
2483	0312	0000
2484	0309	0000
2485	0321	0000
2486	0318	0000
2487	0317	0000
2488	0315	0000
2489	0313	0000
2490	0308	0000
2491	0304	0000
2492	0323	0000
2493	0315	0000
2494	0316	0000
2495	0315	0000
2496	0309	0000
2497	0313	0000
2498	0311	0000
2499	0304	0000
2500	0319	0000
2501	0312	0000
2502	0306	0000
2503	0312	0000
2504	0307	0000
2505	0305	0000
2506	0302	0000
2507	0304	0000
2508	0306	0000
2509	0300	0000
2510	0298	0000
2511	0300	0000
2512	0299	0000
2513	0297	0000
2514	0299	0000
2515	0297	0000
2516	0296	0000
2517	0299	0000
2518	0303	0000
2519	0300	0000
2520	0297	0000
2521	0303	0000
2522	0303	0000
2523	0304	0000
2524	0303	0000
2525	0304	0000
2526	0302	0000
2527	0301	0000
2528	0305	0000
2529	0301	0000
2530	0300	0000
2531	0297	0000
2532	0298	0000
2533	0298	0000
2534	0300	0000
2535	0302	0000
2536	0295	0000
2537	0293	0000
2538	0301	0000
2539	0301	0000
2540	0299	0000
2541	0293	0000
2542	0301	0000
2543	0293	0000
2544	0298	0000
2545	0298	0000
2546	0294	0000
2547	0292	0000
2548	0295	0000
2549	0295	0000
2550	0299	0000
2551	0301	0000
2552	0301	0000
2553	0300	0000
2554	0294	0000
2555	0296	0000
2556	0287	0000
2557	0290	0000
2558	0289	0000
2559	0285	0000
2560	0282	0000
2561	0278	0000
2562	0292	0000
2563	0282	0000
2564	0282	0000
2565	0281	0000
2566	0268	0000
2567	0289	0000
2568	0274	0000
2569	0276	0000
2570	0272	0000
2571	0613	0000
2572	0683	0000
2573	0528	0000
2574	0415	0000
2575	0438	0000
2576	0607	0000
2577	0516	0000
2578	0415	0000
2579	0259	0000
2580	0433	0000
2581	0440	0000
2582	0278	0000
2583	0309	0000
2584	0349	0000
2585	0403	0000
2586	0296	0000
2587	0355	0000
2588	0427	0000
2589	0304	0000
2590	0239	0000
2591	0331	0000
2592	0321	0000
2593	0249	0000
2594	0303	0000
2595	0376	0000
2596	0447	0000
2597	0347	0000
2598	0389	0000
2599	0472	0000
2600	0296	0000
2601	0327	0000
2602	0329	0000
2603	0405	0000
2604	0273	0000
2605	0410	0000
2606	0303	0000
2607	0406	0000
2608	0337	0000
2609	0417	0000
2610	0354	0000
2611	0436	0000
2612	0361	0000
2613	0430	0000
2614	0369	0000
2615	0435	0000
2616	0353	0000
2617	0423	0000
2618	0344	0000
2619	0415	0000
2620	0343	0000
2621	0433	0000
2622	0348	0000
2623	0441	0000
2624	0350	0000
2625	0442	0000
2626	0358	0000
2627	0456	0000
2628	0371	0000
2629	0462	0000
2630	0370	0000
2631	0462	0000
2632	0508	0000
2633	0522	0000
2634	0511	0000
2635	0530	0000
2636	0505	0000
2637	0527	0000
2638	0522	0000
2639	0525	0000
2640	0505	0000
2641	0524	0000
2642	0530	0000
2643	0501	0000
2644	0527	0000
2645	0507	0000
2646	0513	0000
2647	0531	0000
2648	0528	0000
2649	0533	0000
2650	0519	0000
2651	0514	0000
2652	0540	0000
2653	0529	0000
2654	0526	0000
2655	0520	0000
2656	0519	0000
2657	0505	0000
2658	0516	0000
2659	0506	0000
2660	0509	0000
2661	0395	0000
2662	0445	0000
2663	0514	0000
2664	0496	0000
2665	0442	0000
2666	0428	0000
2667	0462	0000
2668	0429	0000
2669	0459	0000
2670	0442	0000
2671	0432	0000
2672	0437	0000
2673	0435	0000
2674	0438	0000
2675	0421	0000
2676	0429	0000
2677	0422	0000
2678	0457	0000
2679	0526	0000
2680	0531	0000
2681	0517	0000
2682	0520	0000
2683	0511	0000
2684	0529	0000
2685	0521	0000
2686	0530	0000
2687	0529	0000
2688	0524	0000
2689	0532	0000
2690	0531	0000
2691	0541	0000
2692	0544	0000
2693	0522	0000
2694	0525	0000
2695	0528	0000
2696	0518	0000
2697	0523	0000
2698	0527	0000
2699	0535	0000
2700	0537	0000
2701	0544	0000
2702	0543	0000
2703	0550	0000
2704	0540	0000
2705	0546	0000
2706	0536	0000
2707	0536	0000
2708	0541	0000
2709	0550	0000
2710	0540	0000
2711	0553	0000
2712	0555	0000
2713	0542	0000
2714	0559	0000
2715	0541	0000
2716	0549	0000
2717	0538	0000
2718	0547	0000
2719	0544	0000
2720	0551	0000
2721	0542	0000
2722	0539	0000
2723	0545	0000
2724	0555	0000
2725	0555	0000
2726	0544	0000
2727	0563	0000
2728	0551	0000
2729	0556	0000
2730	0553	0000
2731	0553	0000
2732	0553	0000
2733	0559	0000
2734	0538	0000
2735	0560	0000
2736	0562	0000
2737	0557	0000
2738	0565	0000
2739	0559	0000
2740	0563	0000
2741	0561	0000
2742	0547	0000
2743	0557	0000
2744	0557	0000
2745	0568	0000
2746	0563	0000
2747	0563	0000
2748	0567	0000
2749	0556	0000
2750	0554	0000
2751	0538	0000
2752	0553	0000
2753	0558	0000
2754	0555	0000
2755	0561	0000
2756	0552	0000
2757	0552	0000
2758	0551	0000
2759	0560	0000
2760	0549	0000
2761	0541	0000
2762	0553	0000
2763	0540	0000
2764	0552	0000
2765	0556	0000
2766	0553	0000
2767	0541	0000
2768	0548	0000
2769	0552	0000
2770	0543	0000
2771	0536	0000
2772	0550	0000
2773	0545	0000
2774	0551	0000
2775	0542	0000
2776	0551	0000
2777	0558	0000
2778	0565	0000
2779	0418	0000
2780	0532	0000
2781	0538	0000
2782	0552	0000
2783	0554	0000
2784	0422	0000
2785	0552	0000
2786	0563	0000
2787	0550	0000
2788	0562	0000
2789	0559	0000
2790	0550	0000
2791	0540	0000
2792	0548	0000
2793	0564	0000
2794	0556	0000
2795	0562	0000
2796	0528	0000
2797	0554	0000
2798	0568	0000
2799	0540	0000
2800	0542	0000
2801	0557	0000
2802	0536	0000
2803	0529	0000
2804	0541	0000
2805	0555	0000
2806	0528	0000
2807	0539	0000
2808	0553	0000
2809	0539	0000
2810	0536	0000
2811	0532	0000
2812	0544	0000
2813	0537	0000
2814	0537	0000
2815	0531	0000
2816	0521	0000
2817	0520	0000
2818	0531	0000
2819	0541	0000
2820	0514	0000
2821	0519	0000
2822	0513	0000
2823	0532	0000
2824	0513	0000
2825	0529	0000
2826	0498	0000
2827	0530	0000
2828	0514	0000
2829	0516	0000
2830	0519	0000
2831	0508	0000
2832	0521	0000
2833	0517	0000
2834	0522	0000
2835	0496	0000
2836	0517	0000
2837	0515	0000
2838	0511	0000
2839	0524	0000
2840	0470	0000
2841	0515	0000
2842	0496	0000
2843	0509	0000
2844	0494	0000
2845	0505	0000
2846	0513	0000
2847	0484	0000
2848	0513	0000
2849	0346	0000
2850	0472	0000
2851	0493	0000
2852	0515	0000
2853	0502	0000
2854	0504	0000
2855	0503	0000
2856	0503	0000
2857	0494	0000
2858	0509	0000
2859	0513	0000
2860	0492	0000
2861	0502	0000
2862	0513	0000
2863	0488	0000
2864	0505	0000
2865	0440	0000
2866	0374	0000
2867	0495	0000
2868	0395	0000
2869	0415	0000
2870	0492	0000
2871	0480	0000
2872	0493	0000
2873	0504	0000
2874	0488	0000
2875	0496	0000
2876	0475	0000
2877	0499	0000
2878	0489	0000
2879	0497	0000
2880	0516	0000
2881	0469	0000
2882	0487	0000
2883	0483	0000
2884	0490	0000
2885	0483	0000
2886	0487	0000
2887	0354	0000
2888	0423	0000
2889	0491	0000
2890	0493	0000
2891	0492	0000
2892	0475	0000
2893	0507	0000
2894	0508	0000
2895	0492	0000
2896	0501	0000
2897	0500	0000
2898	0507	0000
2899	0498	0000
2900	0499	0000
2901	0498	0000
2902	0495	0000
2903	0505	0000
2904	0410	0000
2905	0337	0000
2906	0457	0000
2907	0500	0000
2908	0501	0000
2909	0495	0000
2910	0500	0000
2911	0501	0000
2912	0503	0000
2913	0493	0000
2914	0504	0000
2915	0492	0000
2916	0497	0000
2917	0492	0000
2918	0498	0000
2919	0485	0000
2920	0541	0000
2921	0370	0000
2922	0326	0000
2923	0474	0000
2924	0506	0000
2925	0494	0000
2926	0490	0000
2927	0505	0000
2928	0493	0000
2929	0496	0000
2930	0498	0000
2931	0511	0000
2932	0479	0000
2933	0504	0000
2934	0502	0000
2935	0510	0000
2936	0513	0000
2937	0475	0000
2938	0325	0000
2939	0461	0000
2940	0523	0000
2941	0504	0000
2942	0509	0000
2943	0527	0000
2944	0294	0000
2945	0466	0000
2946	0489	0000
2947	0473	0000
2948	0385	0000
2949	0483	0000
2950	0521	0000
2951	0385	0000
2952	0434	0000
2953	0510	0000