#workload B
#throughput latency 			min 	max 		95th 	99th 
100 		1497.339671965257	363 	279970 		2 		4
1000 		938.3130997888491 	241		596217 		1 		2
2000 		873.2374478606683 	248 	601932 		1 		3
5000		819.869709180961 	241 	632854 		1 		5
10000 		771.9216636157992 	235 	631377 		1 		3
15000	 	988.9996536316817 	226 	627323 		2 		3
20000 		797.3289409945793 	228 	622949 		1 		3 #2 nodes
30000 		1077.8161628623006 	225 	1109143 	2 		4 #2 nodes
40000		970.9415894107779 	223 	1064198 	1 		3 #3nodes





#old
#100
#1000 		1.215   0.205   623.706     2       5
#2000		1.680	0.195	623.623     5       14
#5000        3.001   0.209   643.571     8       18
#10000       0.523   0.238   271.268     0       2
#15000       0.524   0.235   271.000     0       2
#20000 		0.522   0.236   271.000     0       2
#30000       0.651   0.240   266.000     1       3