#period 10sec
#rate   #total
20 647 5853
30 684 13124
40 638 20029
50 645 27393
60 643 34536
70 644 41953
80 616 48988
90 614 55925
#start redo
100 480 62188
110 485 67551
120 533 73153
130 511 78949
140 540 84803
150 502 90769
160 492 95865
170 412 100943
180 495 105593
190 417 110044
200 413 114637
210 404 119131
220 488 124336
230 501 129890
240 480 135317
250 465 140596
260 511 145983
270 588 152134
280 470 158080
290 502 163692
300 628 169854
310 590 176693
320 647 183320
330 485 189240
340 427 194102
350 489 199117    
360 548 204900
370 545 210850
380 545 216759
390 549 222321
#start restrain
400 0
410 0
420 0
430 0
440 0
450 0
460 0
470 0
480 0
490 0
500 0
510 0
520 0
530 0
540 0
550 0
560 0
570 0
580 0
590 0
600 0
610 0
620 0
630 0
640 0
650 0
660 0
670 0
680 635 227289
690 628 234163
700 557 240432
710 569 246814










