#workload A
#throughput latency 				min 	max 		95th 		99th 
100         1888.7736298968039      743     928444         3       	4
1000        1284.1806656989838      630     949808         1       	2
2000 		1362.5015575077475		632		1208361 	   2 		3
5000 		1235.7517859713669		622     976489 		   1 		3
10000 		1230.876981843818		632 	943428 		   1 		3
15000		1329.8949031142376 		611 	955971 		   1 		3
20000 		1374.8215761610384 		625 	940668 		   2 		5 	 #2nodes
30000 		1460.2832347337865		511 	941524 		   2 		5 	 #2nodes
40000 		1844.4452111686155 		550 	1064204 	   3 		6 	 #3nodes
