100  554.2
110  554.2
120  554.2
130  554.2
140  554.2
150  554.2
160  554.2
170   554.2
180   554.2
190   554.2
200   554.2
210   554.2
220   554.2
230   554.2
240   554.2
250   554.2
260   554.2
270   554.2
280   554.2
290   554.2
300   554.2
310   554.2
320   554.2
330   554.2
340   554.2
350  554.2
360   554.2
370   554.2
380   554.2
390   554.2
400   554.2
410   554.2
420   554.2
430   554.2
440   554.2
450   554.2
460   554.2
470   554.2
480   554.2
490   554.2
500   554.2
510   554.2
520   554.2
530   554.2
540   554.2
550   554.2
560   554.2
570   554.2
580   554.2
590   554.2
600   554.2
610   554.2
620   554.2
630   554.2
640   554.2
650   554.2
660   554.2
670   554.2