#Time	Parallel	Client
0001	2072	0002
0002	2011	0189
0003	1990	0003
0004	1886	0057
0005	2090	0123
0006	1950	0139
0007	1551	0157
0008	1993	0004
0009	1866	0029
0010	1905	0135
0011	2072	0141
0012	1468	0136
0013	1986	0004
0014	2123	0046
0015	2061	0100
0016	2113	0086
0017	2101	0102
0018	2020	0004
0019	2047	0060
0020	2018	0077
0021	1963	0172
0022	2219	0100
0023	2047	0005
0024	2054	0051
0025	1312	0094
0026	1991	0108
0027	2131	0114
0028	2061	0004
0029	2028	0063
0030	2086	0101
0031	2041	0134
0032	2154	0143
0033	1888	0004
0034	2058	0037
0035	1767	0131
0036	1669	0135
0037	1668	0126
0038	1651	0004
0039	1647	0045
0040	1491	0150
0041	1561	0092
0042	1759	0092
0043	1614	0005
0044	1311	0051
0045	1551	0081
0046	1711	0085
0047	1772	0006
0048	1747	0036
0049	1665	0067
0050	1628	0082
0051	1746	0006
0052	1787	0037
0053	1657	0069
0054	1789	0081
0055	1580	0006
0056	1708	0040
0057	1751	0060
0058	1832	0073
0059	1797	0006
0060	1781	0050
0061	1797	0062
0062	1928	0075
0063	1880	0006
0064	1904	0057
0065	1703	0072
0066	1694	0064
0067	1931	0051
0068	1482	0030
0069	1722	0064
0070	1745	0072
0071	1713	0047
0072	1650	0029
0073	1615	0061
0074	1805	0069
0075	1926	0044
0076	1905	0020
0077	1880	0048
0078	1918	0067
0079	1843	0062
0080	1992	0020
0081	1901	0052
0082	1955	0062
0083	1743	0049
0084	1897	0018
0085	1938	0043
0086	1964	0062
0087	2073	0055
0088	2125	0026
0089	2059	0050
0090	2031	0056
0091	1870	0059
0092	1853	0018
0093	1809	0056
0094	1713	0069
0095	1789	0050
0096	1743	0114
0097	1656	0067
0098	1550	0027
0099	1686	0023
0100	1202	0063
0101	1574	0070
0102	1592	0023
0103	1705	0035
0104	1614	0058
0105	1541	0062
0106	1777	0028
0107	1780	0022
0108	1878	0053
0109	1692	0061
0110	1751	0022
0111	2010	0022
0112	2007	0052
0113	1962	0092
0114	2004	0022
0115	1769	0023
0116	1943	0059
0117	1781	0060
0118	2012	0027
0119	2010	0024
0120	2051	0056
0121	1849	0056
0122	1907	0024
0123	1814	0024
0124	1828	0064
0125	1707	0074
0126	1732	0024
0127	1638	0040
0128	1586	0058
0129	1538	0073
0130	1653	0070
0131	1519	0006
0132	1585	0061
0133	1545	0074
0134	1444	0068
0135	1561	0057
0136	1481	0022
0137	1286	0063
0138	1549	0077
0139	1593	0056
0140	1411	0068
0141	1423	0032
0142	1439	0051
0143	1520	0053
0144	1498	0072
0145	1548	0024
0146	1545	0053
0147	1541	0047
0148	1676	0067
0149	1837	0027
0150	1934	0037
0151	1915	0051
0152	1946	0092
0153	1831	0035
0154	1909	0045
0155	1820	0045
0156	1626	0066
0157	1890	0029
0158	1845	0058
0159	1815	0043
0160	1750	0072
0161	1729	0025
0162	1994	0064
0163	2095	0046
0164	2050	0068
0165	2071	0075
0166	2275	0028
0167	2352	0035
0168	2310	0073
0169	2236	0078
0170	2364	0090
0171	2194	0005
0172	2113	0049
0173	2027	0080
0174	2149	0105
0175	2257	0058
0176	2219	0017
0177	2014	0069
0178	2039	0081
0179	2077	0058
0180	2063	0068
0181	1968	0036
0182	1888	0063
0183	1920	0049
0184	1977	0073
0185	2050	0085
0186	1987	0036
0187	2003	0037
0188	1803	0065
0189	1778	0078
0190	1847	0083
0191	1949	0006
0192	1914	0049
0193	1889	0068
0194	1861	0073
0195	1845	0077
0196	1947	0018
0197	1975	0040
0198	2017	0072
0199	1819	0051
0200	2073	0024
0201	2068	0062
0202	1980	0069
0203	2034	0055
0204	2065	0018
0205	1970	0056
0206	2043	0076
0207	1912	0055
0208	1933	0071
0209	1800	0029
0210	1866	0064
0211	1765	0045
0212	1749	0068
0213	1793	0081
0214	1733	0034
0215	1847	0036
0216	1842	0065
0217	1845	0079
0218	1832	0085
0219	1810	0005
0220	1694	0059
0221	1666	0083
0222	1958	0073
0223	2019	0060
0224	1706	0017
0225	1935	0060
0226	1751	0073
0227	1844	0051
0228	1774	0022
0229	1845	0039
0230	1898	0083
0231	1866	0046
0232	2100	0021
0233	1999	0048
0234	1930	0073
0235	1948	0052
0236	1958	0022
0237	2010	0069
0238	1953	0072
0239	2079	0048
0240	1922	0083
0241	1961	0034
0242	1972	0056
0243	1944	0059
0244	1943	0065
0245	1995	0089
0246	2024	0058
0247	1963	0028
0248	1902	0069
0249	2042	0077
0250	1885	0034
0251	2273	0042
0252	2208	0067
0253	2229	0085
0254	2115	0077
0255	2159	0005
0256	2057	0057
0257	2128	0090
0258	2045	0087
0259	2013	0061
0260	1971	0026
0261	1773	0062
0262	1733	0077
0263	1690	0055
0264	1755	0080
0265	1824	0033
0266	1863	0056
0267	1830	0054
0268	1981	0068
0269	1999	0082
0270	2035	0041
0271	2109	0034
0272	2090	0060
0273	2081	0091
0274	2050	0086
0275	2010	0005
0276	2083	0057
0277	1940	0083
0278	1944	0098
0279	1859	0063
0280	1718	0020
0281	1793	0059
0282	1747	0078
0283	1814	0069
0284	1839	0094
0285	1723	0034
0286	1623	0058
0287	1713	0062
0288	1613	0089
0289	1645	0093
0290	1579	0038
0291	1480	0026
0292	1508	0089
0293	1465	0085
0294	1541	0103
0295	1385	0005
0296	1629	0039
0297	1695	0091
0298	1696	0087
0299	1805	0076
0300	1652	0020
0301	1675	0053
0302	1511	0088
0303	1495	0059
0304	1715	0133
0305	1692	0100
0306	1680	0033
0307	1843	0027
0308	1165	0073
0309	1723	0091
0310	1821	0107
0311	1749	0005
0312	1545	0039
0313	1508	0087
0314	1475	0101
0315	1601	0061
0316	1633	0019
0317	2001	0064
0318	1752	0089
0319	1755	0063
0320	1744	0075
0321	1646	0029
0322	1565	0066
0323	1664	0055
0324	1945	0086
0325	2046	0093
0326	1987	0035
0327	1846	0030
0328	1764	0083
0329	1660	0097
0330	1607	0086
0331	1508	0005
0332	1482	0062
0333	1606	0084
0334	1623	0087
0335	1767	0090
0336	1696	0033
0337	1731	0040
0338	1734	0088
0339	1639	0062
0340	1837	0030
0341	1758	0060
0342	1778	0074
0343	1752	0063
0344	1868	0033
0345	1925	0059
0346	1909	0093
0347	2087	0055
0348	2068	0085
0349	2082	0039
0350	2047	0061
0351	2006	0066
0352	1993	0084
0353	1822	0103
0354	1821	0042
0355	1749	0025
0356	1609	0075
0357	1582	0084
0358	1601	0091
0359	1764	0005
0360	1693	0052
0361	1549	0086
0362	1658	0085
0363	1971	0060
0364	1954	0030
0365	2012	0059
0366	1868	0092
0367	1903	0051
0368	1732	0087
0369	1997	0035
0370	1827	0060
0371	1933	0057
0372	2057	0080
0373	2090	0095
0374	1978	0038
0375	1797	0028
0376	1954	0070
0377	1958	0089
0378	1904	0099
0379	1926	0005
0380	2003	0045
0381	1959	0098
0382	1832	0084
0383	1855	0074
0384	1832	0021
0385	1879	0055
0386	1661	0090
0387	1623	0062
0388	1685	0092
0389	1753	0045
0390	1920	0054
0391	1676	0063
0392	1688	0083
0393	1884	0107
0394	1777	0036
0395	1717	0026
0396	1768	0081
0397	1510	0193
0398	1644	0098
0399	1692	0094
0400	1594	0005
0401	1110	0052
0402	1692	0099
0403	1702	0084
0404	1822	0069
0405	1876	0025
0406	1956	0064
0407	2085	0091
0408	2079	0061
0409	1982	0104
0410	1933	0043
0411	1929	0049
0412	2022	0075
0413	1874	0089
0414	1842	0041
0415	1788	0055
0416	1918	0062
0417	1872	0082
0418	1965	0105
0419	1929	0044
0420	1842	0028
0421	1739	0074
0422	1796	0103
0423	1839	0096
0424	1772	0005
0425	1817	0051
0426	1698	0098
0427	1585	0094
0428	1697	0086
0429	1637	0024
0430	1926	0086
0431	1936	0102
0432	1917	0126
0433	1986	0004
0434	1302	0044
0435	1790	0116
0436	1790	0120
0437	1673	0005
0438	1650	0037
0439	1582	0112
0440	1672	0122
0441	1761	0091
0442	1485	0021
0443	1368	0061
0444	1312	0115
0445	1357	0141
0446	1372	0091
0447	1436	0034
0448	1492	0049
0449	1476	0125
0450	1527	0130
0451	1735	0005
0452	1678	0033
0453	1579	0123
0454	1692	0144
0455	1640	0004
0456	1714	0035
0457	1722	0120
0458	1473	0151
0459	1567	0095
0460	1706	0125
0461	1683	0143
0462	1582	0140
0463	1760	0145
0464	1635	0004
0465	1610	0034
0466	1576	0131
0467	1667	0153
0468	1513	0172
0469	1600	0098
0470	1507	0117
0471	1665	0159
0472	1739	0155
0473	1975	0170
0474	1918	0116
0475	1676	0023
0476	1596	0100
0477	1595	0143
0478	1613	0158
0479	1697	0096
0480	1681	0111
0481	1513	0156
0482	1401	0157
0483	1262	0171
0484	1491	0113
0485	1651	0127
0486	1710	0186
0487	1340	0185
0488	1236	0192
0489	1159	0107
0490	1301	0115
0491	1539	0186
0492	1610	0190
0493	1663	0108
0494	1516	0122
0495	1300	0195
0496	1423	0205
0497	1521	0108
0498	1397	0116
0499	1249	0189
0500	1372	0215
0501	1767	0204
0502	1746	0211
0503	1542	0206
0504	1517	0206
0505	1629	0215
0506	1606	0224
0507	1695	0221
0508	1767	0278
0509	1678	0123
0510	1513	0150
0511	1482	0196
0512	1117	0217
0513	1812	0222
0514	1634	0218
0515	1362	0218
0516	1383	0228
0517	1424	0227
0518	1424	0232
0519	1513	0243
0520	1477	0234
0521	1484	0232
0522	1367	0239
0523	1235	0236
0524	1110	0231
0525	1098	0242
0526	1196	0239
0527	1157	0233
0528	1250	0231
0529	1096	0234
0530	1144	0230
0531	1175	0237
0532	1246	0238
0533	1181	0233
0534	1146	0257
0535	1105	0231
0536	1277	0235
0537	1227	0232
0538	0945	0222
0539	1011	0214
0540	1059	0215
0541	0973	0236
0542	1342	0232
0543	1441	0237
0544	1485	0258
0545	1460	0255
0546	1495	0255
0547	1275	0251
0548	1175	0252
0549	1237	0251
0550	1237	0240
0551	1060	0246
0552	0996	0243
0553	1086	0243
0554	1314	0247
0555	1363	0246
0556	1217	0243
0557	1095	0245
0558	1227	0254
0559	1358	0262
0560	1482	0245
0561	1378	0247
0562	0861	0239
0563	0844	0244
0564	0930	0243
0565	0955	0259
0566	1081	0269
0567	1190	0273
0568	1087	0285
0569	1150	0272
0570	1367	0277
0571	0758	0266
0572	0561	0284
0573	1031	0288
0574	0816	0286
0575	1067	0284
0576	1041	0285
0577	0950	0286
0578	0433	0284
0579	0900	0286
0580	0940	0288
0581	0376	0288
0582	0382	0292
0583	0549	0290
0584	0467	0290
0585	0366	0292
0586	0596	0295
0587	0596	0282
0588	0323	0275
0589	0596	0272
0590	0000	0000
0591	0000	0000
0592	0000	0000
0593	0000	0000
0594	0000	0000
0595	0000	0000
0596	0000	0000
0597	0000	0000
0598	0000	0000
0599	0000	0000
0600	0000	0000
0601	0000	0000
0602	0000	0000
0603	0000	0000
0604	0000	0000
0605	0000	0000
0606	0000	0000
0607	1918	0000
0608	1784	0000
0609	1830	0000
0610	1843	0000
0611	1785	0000
0612	1657	0000
0613	1875	0000
0614	1921	0000
0615	1980	0000
0616	2010	0000
0617	2062	0000
0618	1974	0000
0619	1875	0000
0620	2041	0000
0621	1997	0000
0622	1895	0000
0623	1912	0000
0624	1972	0000
0625	1928	0000
0626	1980	0000
0627	2039	0000
0628	1950	0000
0629	1938	0000
0630	2174	0000
0631	2078	0000
0632	2129	0000
0633	2216	0000
0634	2171	0000
0635	2069	0000