#workload b
#throughput latency 				min 	max 		95th 	99th 
100 	 	1048.2014670545086		312 	410923 		1 		3
1000 		543.3775644237124 		207 	499556 		1 		1
2000 		626.1064956201436 		206 	1148476 	1 		2
5000 		674.3755727267139 		201 	1140160 	1 		5
10000		719.8910410694576 		194 	1089095 	1 		4
15000 		1012.6414561820184 		196 	1131673 	2 		4
20000 		856.3287301203044 		202 	1130293 	1 		4 #2 nodes
30000 		1085.503052347632 		191 	1073657		2 		4 #2 nodes
40000 		1144.9183103446485		197		1083689 	2 		4 #3nodes 32000 real



#old
#100         3.356   0.683   352.771     4         20
#1000        0.734   0.241   344.233     1          4
#2000        0.730   0.242   373.762     1          3
#5000        0.820   0.239   345.455     2          5
#10000       0.609   0.232   516.134     0          2
#15000       0.995   0.243   628.882     1          3
#20000       0.889   0.248   622.564     1          3
#30000       1.021   0.246   622.644     1          3   