#workload B
#throughput latency 			min 	max 		95th 	99th 
100 		2474.926114151681	1067 	487423 		3 		5
1000 		1307.0324753427954 	682 	216025 		2 		3
2000 		1337.535191581974 	598 	1115030 	2 		4
5000 		1341.3049664687335 	481 	1137179 	3 		10
10000		1408.0030106614247 	463 	1096325 	3 		8
15000		2001.82394013234 	467 	1132276 	4 		7
20000		1605.5957924263676 	475 	1115997 	3 		8 #2 nodes
30000 		2091.2044400415484 	463 	692751 		4 		7 #2 nodes
40000 		2160.7907422667768 	478 	1083625 	4 		8 #3nodes 32000 real




#old
#100         4.537   1.8    38.095         11      29
#1000        1.545   0.412  258.501         2       6       
#2000        1.577   0.765  307.165         2       5
#5000        1.809   0.692  336.247         4       9
#10000       1.209   0.547  497.498         2       4
#15000       1.569   0.582  480.148         3       5
#20000       1.615   0.570  618.932         2       5
#30000       2.966   0.536  629.708         8      36