#workload A
#throughput latency 			min 	max 		95th 	99th 
100         1007.319845627437 	306 	431188 		1 		2
1000        607.0928979029769 	262 	943784 		1 		1
2000        624.0718467928748 	257 	926213 		1 		1
5000        562.4046043819039 	257 	988607 		0 		1
10000       620.9217846902403 	253 	984810 		0 		1
15000       705.1497849446591 	249 	985444 		1 		2
20000       811.9594814503154 	248 	1008962 	1 		2
30000 		894.2842435247956 	254 	986782 		1 		2 
45000 		1583.3384141705337 	255 	2291355 	1 		4

