#date questions answers comments votes views
2008-07-31 5 2 0 3 282084
2008-08-01 53 118 3 159 934844
2008-08-02 32 92 10 287 962956
2008-08-03 36 129 3 326 834780
2008-08-04 86 306 9 766 2717084
2008-08-05 136 473 15 831 2948112
2008-08-06 118 463 26 1038 2663074
2008-08-07 148 507 21 936 2204205
2008-08-08 100 421 17 792 1287069
2008-08-09 46 219 2 381 451361
2008-08-10 46 186 5 344 779773
2008-08-11 93 407 11 641 1639981
2008-08-12 115 478 19 866 2460128
2008-08-13 115 499 16 801 1355990
2008-08-14 136 589 21 1054 2473668
2008-08-15 120 558 13 1032 1200303
2008-08-16 41 245 6 591 244881
2008-08-17 62 277 10 656 446768
2008-08-18 159 645 13 1423 1688539
2008-08-19 194 910 21 1736 2988537
2008-08-20 194 897 25 2078 3277332
2008-08-21 242 1038 20 2438 2850012
2008-08-22 232 1066 21 1928 2848999
2008-08-23 94 493 4 1110 1356213
2008-08-24 85 378 7 1016 1406797
2008-08-25 188 796 15 1800 3848305
2008-08-26 235 1044 15 2107 4041058
2008-08-27 273 1126 11 2282 3950656
2008-08-28 279 1209 25 2427 3197987
2008-08-29 249 1007 13 2123 2896094
2008-08-30 133 528 9 1326 1553625
2008-08-31 100 416 1 1239 1448835
2008-09-01 193 764 15 1804 3421070
2008-09-02 304 1264 16 2741 4634219
2008-09-03 263 1098 21 2705 3534711
2008-09-04 270 1141 23 2794 3960915
2008-09-05 280 1085 24 2477 4661752
2008-09-06 115 502 40 1431 1568261
2008-09-07 120 507 83 1548 2155302
2008-09-08 296 1162 257 3084 3148103
2008-09-09 326 1308 368 3325 4573126
2008-09-10 325 1231 451 3193 4661586
2008-09-11 355 1409 515 3648 5093230
2008-09-12 292 1226 632 3139 5123772
2008-09-13 115 472 224 1419 1584217
2008-09-14 109 458 294 1719 1985758
2008-09-15 740 3828 1020 5540 10596740
2008-09-16 1173 6284 1807 9524 16109216
2008-09-17 1200 5933 2089 10626 18462400
2008-09-18 1063 5280 2123 11325 15396897
2008-09-19 993 4804 2266 11361 11413248
2008-09-20 354 1821 882 5403 5097347
2008-09-21 296 1539 843 4879 3345714
2008-09-22 739 3520 1861 9118 10211505
2008-09-23 847 3770 2169 9622 11147026
2008-09-24 837 3472 1967 9399 9804632
2008-09-25 827 3685 2005 9757 12568468
2008-09-26 754 3392 2190 9256 9041369
2008-09-27 275 1289 822 4146 3486033
2008-09-28 261 1326 821 4450 3417105
2008-09-29 609 2532 1783 7763 7102852
2008-09-30 677 2834 1802 8198 9642532
2008-10-01 647 2693 1774 7974 7830815
2008-10-02 669 2895 1995 9105 9006680
2008-10-03 559 2437 1724 8012 6229007
2008-10-04 228 1041 724 3989 3751683
2008-10-05 234 922 663 3637 2603147
2008-10-06 534 2270 1610 7880 5692008
2008-10-07 621 2504 1796 8165 9119016
2008-10-08 692 2714 1904 8074 8359120
2008-10-09 684 2594 1998 8161 8342120
2008-10-10 599 2207 1608 6858 6935531
2008-10-11 199 893 623 3530 3395826
2008-10-12 199 892 626 3262 2895034
2008-10-13 531 1950 1429 6473 6642201
2008-10-14 633 2309 1629 7005 8186270
2008-10-15 571 2111 1617 6938 7410822
2008-10-16 623 2240 1634 7486 7425655
2008-10-17 558 2118 1559 6962 5100974
2008-10-18 209 919 585 3592 2567512
2008-10-19 195 852 632 3192 2258230
2008-10-20 508 2001 1507 7032 6196953
2008-10-21 619 2299 1763 7648 6434914
2008-10-22 639 2328 1867 7406 7553087
2008-10-23 597 2313 1946 7406 6304794
2008-10-24 531 2032 1753 7351 5459493
2008-10-25 224 953 680 3824 3370513
2008-10-26 223 853 657 3280 2288252
2008-10-27 447 1668 1320 6045 3740512
2008-10-28 602 2126 1692 6812 4925163
2008-10-29 610 2161 1686 6934 6259234
2008-10-30 566 2078 1610 6594 5011929
2008-10-31 509 1818 1401 5924 5453485
2008-11-01 149 634 527 2533 1555788
2008-11-02 202 798 621 2908 2594679
2008-11-03 489 1631 1206 5459 3430905
2008-11-04 600 2089 1352 5937 5136537
2008-11-05 553 1886 1490 5794 5034793
2008-11-06 662 2137 1637 6048 5232284
2008-11-07 572 1942 1647 6066 6399112
2008-11-08 210 876 703 2910 2114127
2008-11-09 222 785 639 2659 2475965
2008-11-10 549 1828 1431 5558 5199367
2008-11-11 532 1768 1504 5319 3931343
2008-11-12 630 2037 1747 5867 4936358
2008-11-13 553 1809 1512 5499 4459191
2008-11-14 537 1797 1598 5170 5183406
2008-11-15 242 912 692 2593 2142057
2008-11-16 217 809 746 2706 1715727
2008-11-17 530 1675 1304 5070 4090978
2008-11-18 619 1847 1475 5410 5983588
2008-11-19 607 1929 1546 5447 5555750
2008-11-20 623 1921 1489 5544 6712037
2008-11-21 583 1838 1617 5694 6186362
2008-11-22 220 790 635 2663 2429024
2008-11-23 209 743 694 2637 1819572
2008-11-24 517 1643 1477 5452 4168251
2008-11-25 587 2044 1573 6672 5903025
2008-11-26 568 1933 1638 5739 4270597
2008-11-27 399 1333 1047 4024 3241964
2008-11-28 366 1248 1041 3931 2944920
2008-11-29 213 755 634 2394 1722046
2008-11-30 204 734 753 2403 1386921
2008-12-01 481 1661 1415 5019 4007738
2008-12-02 574 1894 1644 5624 5000264
2008-12-03 580 1900 1672 5969 6180987
2008-12-04 601 1940 1679 5763 4381148
2008-12-05 533 1744 1511 5411 3533308
2008-12-06 228 818 687 2671 1912328
2008-12-07 216 744 657 2706 2328250
2008-12-08 505 1726 1534 5111 3862981
2008-12-09 575 1953 1689 5735 5170299
2008-12-10 599 1920 1712 5832 5042260
2008-12-11 602 2035 1782 5626 4882665
2008-12-12 509 1803 1629 5168 5300846
2008-12-13 231 834 695 2763 2230390
2008-12-14 190 686 608 2594 1522866
2008-12-15 533 1692 1708 5227 4798278
2008-12-16 567 1808 1769 5872 4322371
2008-12-17 585 2060 1831 5747 5665540
2008-12-18 583 1904 1985 6242 3323859
2008-12-19 489 1731 1835 5411 3474260
2008-12-20 188 806 807 2727 1429735
2008-12-21 185 743 752 2510 1307386
2008-12-22 415 1494 1373 4489 3146805
2008-12-23 434 1573 1538 4816 4516370
2008-12-24 301 1105 1110 3709 2110543
2008-12-25 129 495 479 1849 888781
2008-12-26 181 666 640 2428 1349744
2008-12-27 184 673 538 2230 1902960
2008-12-28 183 819 691 2717 1375453
2008-12-29 365 1389 1317 4892 2312291
2008-12-30 456 1655 1488 5217 3738923
2008-12-31 333 1412 1511 4520 2894279
2009-01-01 200 801 856 3035 1233746
2009-01-02 388 1557 1794 5349 4567174
2009-01-03 251 1076 1265 4079 2753237
2009-01-04 288 1102 1156 3802 2062421
2009-01-05 487 1842 1987 7071 3865086
2009-01-06 611 2272 2236 7812 5563122
2009-01-07 657 2426 2442 7942 4437241
2009-01-08 636 2255 2466 7839 7020418
2009-01-09 603 2118 2292 6849 3922754
2009-01-10 282 1083 1069 3926 1831665
2009-01-11 340 1240 1076 4636 3000233
2009-01-12 629 2137 2116 7381 3860445
2009-01-13 681 2161 2218 7378 5062024
2009-01-14 680 2305 2410 7478 5379950
2009-01-15 722 2349 2184 7188 5660220
2009-01-16 613 2081 2189 6808 5385541
2009-01-17 314 1020 884 3666 2563441
2009-01-18 310 1082 965 3767 3047878
2009-01-19 650 2091 1941 6433 4747266
2009-01-20 685 2380 2242 7661 5022674
2009-01-21 709 2416 2407 7829 4581999
2009-01-22 677 2159 2199 7112 5796493
2009-01-23 689 2237 2381 7088 5327032
2009-01-24 291 1064 1038 3579 1946181
2009-01-25 278 903 967 3366 3311553
2009-01-26 631 2130 2264 7386 4007844
2009-01-27 705 2433 2543 8118 4918492
2009-01-28 703 2455 2254 7425 4888124
2009-01-29 731 2500 2576 8158 6382393
2009-01-30 658 2293 2688 7552 5132517
2009-01-31 324 1235 1238 4324 3518108
2009-02-01 301 1234 1190 4418 3323886
2009-02-02 633 2266 2237 7560 5371821
2009-02-03 742 2503 2539 8644 5768328
2009-02-04 810 2699 2797 8532 6747701
2009-02-05 817 2893 3077 9025 5017073
2009-02-06 726 2665 3058 8167 6368977
2009-02-07 354 1255 1256 4236 2456314
2009-02-08 318 1150 1270 4469 2526198
2009-02-09 737 2467 2760 7830 4781794
2009-02-10 807 2702 2852 8678 4481258
2009-02-11 830 2836 2988 8530 5007424
2009-02-12 919 2974 3142 8795 6859788
2009-02-13 730 2513 2813 8252 4266814
2009-02-14 299 1129 1196 3852 1618706
2009-02-15 315 1233 1380 4425 1911659
2009-02-16 626 1930 2248 6475 4099403
2009-02-17 752 2716 2743 8816 4651683
2009-02-18 789 2592 2889 8210 5901935
2009-02-19 780 2670 3045 8876 5136216
2009-02-20 706 2413 2871 7884 4597938
2009-02-21 334 1265 1500 4741 2992969
2009-02-22 383 1319 1514 4846 3125309
2009-02-23 745 2337 2751 8124 5340052
2009-02-24 813 2686 2983 8695 5092056
2009-02-25 833 2691 2967 8768 6233494
2009-02-26 890 2912 3235 8767 6285533
2009-02-27 801 2636 3282 8433 6805710
2009-02-28 343 1143 1345 4031 1794183
2009-03-01 338 1159 1397 4200 3046905
2009-03-02 702 2385 2855 7446 4989683
2009-03-03 866 2577 3175 8475 5320094
2009-03-04 850 2754 3456 8574 6008736
2009-03-05 817 2715 3146 8892 4605413
2009-03-06 750 2355 2891 7304 4323906
2009-03-07 347 1175 1298 3946 1930752
2009-03-08 355 1169 1253 4220 2370938
2009-03-09 778 2557 2837 8050 4989152
2009-03-10 814 2605 3128 7965 4901820
2009-03-11 795 2528 3088 7808 4686753
2009-03-12 839 2514 3149 8134 5592837
2009-03-13 809 2573 2935 7815 5196321
2009-03-14 380 1185 1298 3857 2574643
2009-03-15 349 1176 1565 4021 2156106
2009-03-16 798 2419 2730 7434 5499529
2009-03-17 790 2379 3000 7873 4820617
2009-03-18 813 2564 3172 8019 5421395
2009-03-19 782 2350 2740 7472 5754090
2009-03-20 806 2374 2851 7384 4357455
2009-03-21 353 1189 1304 3835 1504645
2009-03-22 309 1017 1303 3962 2194002
2009-03-23 795 2440 2870 7423 5147452
2009-03-24 849 2599 2959 8354 5326460
2009-03-25 896 2617 3320 8247 5925291
2009-03-26 835 2509 3187 8423 4951526
2009-03-27 794 2389 2837 7858 4943627
2009-03-28 397 1198 1264 3880 2279185
2009-03-29 358 1205 1211 3982 2073784
2009-03-30 800 2455 2668 7940 4145428
2009-03-31 829 2394 2858 7271 4856333
2009-04-01 894 2569 2795 7422 5547288
2009-04-02 917 2708 3266 8018 5064863
2009-04-03 780 2596 3003 7732 4699064
2009-04-04 369 1259 1472 4216 1950398
2009-04-05 370 1121 1227 3654 1664597
2009-04-06 775 2409 2758 7780 4643460
2009-04-07 899 2625 2962 7937 5493744
2009-04-08 906 2744 3211 8372 5543523
2009-04-09 836 2578 3059 7807 5827084
2009-04-10 577 1758 2147 5769 3483550
2009-04-11 378 1143 1345 3933 2564526
2009-04-12 340 973 1041 3367 2024216
2009-04-13 664 1949 2287 6465 4164913
2009-04-14 782 2497 2786 8042 4328222
2009-04-15 884 2851 3361 8944 4821761
2009-04-16 851 2749 3366 8586 4849195
2009-04-17 867 2546 3020 8047 4841736
2009-04-18 377 1266 1423 4096 1725077
2009-04-19 395 1207 1340 4655 2080628
2009-04-20 858 2590 2783 9338 4825874
2009-04-21 981 2946 3198 8914 5252660
2009-04-22 919 2838 3109 8516 4686979
2009-04-23 896 2727 3173 8260 4687081
2009-04-24 817 2331 2883 7875 4751012
2009-04-25 445 1310 1428 4031 2221445
2009-04-26 396 1165 1359 3994 1701163
2009-04-27 837 2406 3030 7928 4427149
2009-04-28 971 2869 3470 8886 5396659
2009-04-29 930 2858 3515 9127 5447321
2009-04-30 1428 4283 4119 11877 9117992
2009-05-01 994 3290 3578 9669 5492374
2009-05-02 508 1737 1863 5248 3214295
2009-05-03 542 1800 1911 5454 3085305
2009-05-04 1049 3228 3590 9884 5916414
2009-05-05 1167 3501 3919 11212 6747490
2009-05-06 1135 3373 4037 10447 5576508
2009-05-07 1243 3673 4279 10245 7184268
2009-05-08 1124 3288 3911 9810 6102509
2009-05-09 489 1457 1740 4746 2507175
2009-05-10 433 1340 1764 4605 2240272
2009-05-11 1014 2866 3453 8766 5569851
2009-05-12 1199 3340 3869 9930 6241796
2009-05-13 1279 3877 4507 11123 8665902
2009-05-14 1214 3774 4568 10635 6462293
2009-05-15 1080 3287 3855 9783 7070071
2009-05-16 478 1576 1855 4776 2509579
2009-05-17 494 1563 1723 4786 2522699
2009-05-18 1090 3195 3760 9589 6205939
2009-05-19 1238 3582 4179 10726 7029781
2009-05-20 1215 3559 4534 11368 7489295
2009-05-21 1183 3498 4457 11099 6406119
2009-05-22 1081 3247 3996 9806 6139769
2009-05-23 497 1564 1892 4767 4800425
2009-05-24 467 1512 1752 4745 2230658
2009-05-25 796 2306 2950 6936 4357633
2009-05-26 1106 3314 4083 10452 6017858
2009-05-27 1327 4010 4687 11906 5653413
2009-05-28 1312 3830 4572 11193 7709205
2009-05-29 1225 3939 4299 11068 7761936
2009-05-30 575 1962 2014 5877 3420403
2009-05-31 528 1807 2119 5586 2826853
2009-06-01 1091 3326 3901 10424 5903549
2009-06-02 1286 3983 4701 11345 6546960
2009-06-03 1340 4049 4770 11126 7204082
2009-06-04 1355 4437 5244 12030 9139988
2009-06-05 1149 3749 4700 11380 6395058
2009-06-06 518 1746 1942 5318 2791929
2009-06-07 489 1633 1871 5142 2784589
2009-06-08 1143 3349 3907 9938 6341245
2009-06-09 1312 4021 4620 11640 6548747
2009-06-10 1371 4071 5053 11761 6509579
2009-06-11 1338 4122 4912 12078 7955650
2009-06-12 1193 3711 4891 11109 6495281
2009-06-13 503 1636 1992 5201 2968157
2009-06-14 488 1589 2028 5268 2295315
2009-06-15 1201 3607 4373 10271 6662586
2009-06-16 1304 3796 4882 11074 6762160
2009-06-17 1362 4083 5048 11436 7459156
2009-06-18 1384 4159 5238 11571 6630774
2009-06-19 1067 3456 4461 10418 5575711
2009-06-20 504 1659 1987 5122 2373835
2009-06-21 526 1585 2028 5219 2966186
2009-06-22 1194 3473 4470 11014 6438100
2009-06-23 1401 4158 5599 12436 7746638
2009-06-24 1387 4055 5204 11738 6769006
2009-06-25 1310 3724 5005 11098 7039852
2009-06-26 1243 3513 4472 10001 5494396
2009-06-27 507 1514 1997 4888 3066748
2009-06-28 618 1773 2153 5682 3097800
2009-06-29 1328 3800 5049 11561 7284160
2009-06-30 1473 4143 5578 12528 8195379
2009-07-01 1318 3852 5296 11495 7227359
2009-07-02 1402 3887 5273 11354 6375877
2009-07-03 967 2831 3775 8518 4815794
2009-07-04 489 1502 2011 4889 2261664
2009-07-05 461 1391 1969 4932 2155191
2009-07-06 1240 3593 4953 11722 6879731
2009-07-07 1464 4280 6074 13079 6972868
2009-07-08 1470 4193 5613 12424 7378494
2009-07-09 1503 4389 5712 12220 6484621
2009-07-10 1372 3834 5333 11423 6526013
2009-07-11 618 1809 2285 5461 2848960
2009-07-12 528 1641 2219 5346 2231228
2009-07-13 1357 3984 5696 11679 7093499
2009-07-14 1427 4401 6120 12888 6604910
2009-07-15 2029 5539 6724 14542 9036062
2009-07-16 1861 5111 6507 13652 8970032
2009-07-17 1550 4346 5972 12822 7098741
2009-07-18 767 2222 2836 6260 2970923
2009-07-19 640 1910 2455 6198 3347808
2009-07-20 1509 4237 5707 12820 6748570
2009-07-21 1636 4421 6212 13408 6765638
2009-07-22 1779 4837 6657 13964 8147902
2009-07-23 1738 4776 6743 13628 6174633
2009-07-24 1517 4266 6030 12624 6438018
2009-07-25 713 1996 2810 6048 2678687
2009-07-26 664 1969 2748 6053 3009782
2009-07-27 1516 4041 5514 12127 6150790
2009-07-28 1662 4533 6272 13024 7271530
2009-07-29 1712 4616 6208 13322 7847041
2009-07-30 1667 4726 6353 13452 7701708
2009-07-31 1463 3912 5572 11866 6030717
2009-08-01 674 1813 2420 5563 2872383
2009-08-02 621 1753 2436 6214 3431973
2009-08-03 1416 3721 5244 11474 6198495
2009-08-04 1455 3825 5388 11694 6513094
2009-08-05 1604 4348 5884 12320 6728840
2009-08-06 1659 4319 6126 12678 6796363
2009-08-07 1457 3931 5391 12077 6150400
2009-08-08 695 1936 2416 5887 3759622
2009-08-09 667 1809 2482 5982 3084250
2009-08-10 1436 3751 4998 11776 5559797
2009-08-11 1594 4277 6021 13163 7066383
2009-08-12 1602 4236 5952 12034 6932506
2009-08-13 1624 4442 6241 12455 7272629
2009-08-14 1502 3997 5528 11728 5967477
2009-08-15 630 1808 2474 6197 2334412
2009-08-16 680 1838 2837 7288 2365163
2009-08-17 1495 3879 5582 12217 6267492
2009-08-18 1779 4901 6624 14149 7859329
2009-08-19 1720 4706 6610 14131 7693189
2009-08-20 1778 4742 6973 13437 7279653
2009-08-21 1440 3967 5690 12621 5950398
2009-08-22 701 1991 2723 6228 2447499
2009-08-23 706 2056 2837 7485 3023909
2009-08-24 1566 4133 5919 14614 6570101
2009-08-25 1729 4734 6656 15188 7084148
2009-08-26 1824 5000 7054 14849 7237865
2009-08-27 1761 4416 6489 13990 7921600
2009-08-28 1554 4215 6006 12828 6681850
2009-08-29 778 2120 2864 6737 3095953
2009-08-30 774 2029 2808 6307 3433928
2009-08-31 1441 3501 5207 11493 6327806
2009-09-01 1553 4034 6070 12366 6036399
2009-09-02 1625 3983 5820 12449 5739216
2009-09-03 1730 4377 6347 13253 6888507
2009-09-04 1498 4077 5900 11934 6299244
2009-09-05 720 1917 2820 6129 3004143
2009-09-06 690 1880 2608 6009 2616889
2009-09-07 1242 3130 4521 9579 4895611
2009-09-08 1664 4068 5966 13249 6780891
2009-09-09 1679 4425 6191 13425 6651289
2009-09-10 1654 4105 6109 12583 6818395
2009-09-11 1522 4030 5857 12602 5911017
2009-09-12 724 2022 2859 6289 3376900
2009-09-13 759 2032 2911 6322 2567289
2009-09-14 1506 3791 5351 11868 5624331
2009-09-15 1622 4138 6080 12692 6189085
2009-09-16 1623 4183 6326 12536 6641592
2009-09-17 1650 4176 5845 12164 6236022
2009-09-18 1467 3913 5706 11918 5517634
2009-09-19 717 1867 2413 5725 3171881
2009-09-20 707 1871 2853 5851 3363140
2009-09-21 1482 3724 5584 11673 5709520
2009-09-22 1655 4008 6075 12596 6649660
2009-09-23 1652 4242 6090 12297 6145466
2009-09-24 1583 3915 5725 12392 6053827
2009-09-25 1467 3754 5623 11537 4653818
2009-09-26 664 1768 2632 5640 2730351
2009-09-27 708 1716 2724 5633 3070381
2009-09-28 1403 3817 5341 10812 5782808
2009-09-29 1621 4117 5713 12275 6183344
2009-09-30 1688 4119 5986 12360 6445568
2009-10-01 1605 4227 6204 12837 5320256
2009-10-02 1460 3725 5464 11826 5087985
2009-10-03 794 2007 2760 5808 2724293
2009-10-04 739 1945 2878 6204 3205593
2009-10-05 1505 3786 5262 11823 5892535
2009-10-06 1732 4172 6177 12169 5741188
2009-10-07 1765 4437 6327 13199 6606389
2009-10-08 1829 4610 6446 13301 7151768
2009-10-09 1534 3966 5777 11885 4817418
2009-10-10 760 2038 2903 6494 2982506
2009-10-11 792 1956 2986 6410 2742706
2009-10-12 1552 3862 5689 11625 5971215
2009-10-13 1744 4233 5996 12762 6403485
2009-10-14 1726 4336 6562 13376 5931446
2009-10-15 1709 4486 6620 13452 6240287
2009-10-16 1477 3848 5508 11245 4424754
2009-10-17 778 2059 2958 6821 2232405
2009-10-18 801 2125 3098 7017 2847146
2009-10-19 1598 3981 5785 12799 4991027
2009-10-20 1804 4565 6831 14217 6288369
2009-10-21 1844 4624 6752 14239 6504579
2009-10-22 1843 4678 6591 14166 6575816
2009-10-23 1686 4281 6299 13223 5154283
2009-10-24 877 2373 3313 7116 3028578
2009-10-25 878 2334 3171 7317 3146440
2009-10-26 1631 3910 5754 12557 5262146
2009-10-27 1880 4736 7037 14185 6143168
2009-10-28 1859 4711 6580 13964 6621694
2009-10-29 1885 4620 7064 14152 6983408
2009-10-30 1637 4078 5888 12465 5129166
2009-10-31 943 2395 3115 7286 3371338
2009-11-01 791 2165 3107 7213 2582930
2009-11-02 1673 4211 6233 13580 5050971
2009-11-03 1807 4887 6564 14666 5905458
2009-11-04 1936 4740 6886 14627 6784412
2009-11-05 1917 5208 7267 15118 5462954
2009-11-06 1792 4975 6674 14062 5381569
2009-11-07 901 2675 3604 8017 4128579
2009-11-08 936 2484 3709 8176 2986384
2009-11-09 1779 4479 6679 13221 5202668
2009-11-10 2026 5256 7681 14794 6637902
2009-11-11 1913 4801 6980 13840 6057811
2009-11-12 2024 5289 7651 15030 7002725
2009-11-13 1763 4744 6718 14579 6669905
2009-11-14 983 2612 3573 8322 3190743
2009-11-15 895 2528 3500 8119 2535346
2009-11-16 1780 4533 6782 14829 5437955
2009-11-17 1914 4981 7388 15555 6576272
2009-11-18 2039 5176 7706 15117 5898718
2009-11-19 2047 5251 7577 14731 6528202
2009-11-20 1740 4398 6630 13111 4988716
2009-11-21 924 2420 3497 7346 3115170
2009-11-22 911 2329 3479 7343 3216232
2009-11-23 1808 4528 6414 13516 5679357
2009-11-24 1904 4878 6884 14835 6569381
2009-11-25 2001 4922 6870 13687 6415476
2009-11-26 1530 3792 5397 10990 4669335
2009-11-27 1333 3559 5232 10187 3614290
2009-11-28 878 2272 3231 6799 2568127
2009-11-29 876 2231 3358 7439 2638620
2009-11-30 1758 4331 6186 13275 5255377
2009-12-01 1876 4602 6930 13800 6415436
2009-12-02 2017 4855 7110 14726 6093241
2009-12-03 1916 5207 7560 15026 5520170
2009-12-04 1777 4734 7183 14158 4928579
2009-12-05 954 2474 3490 7448 2725435
2009-12-06 863 2356 3532 7856 2910677
2009-12-07 1807 4753 7123 14656 5074948
2009-12-08 1952 5067 7645 14813 5079923
2009-12-09 1950 4931 8022 15183 5435812
2009-12-10 1995 5120 7578 15047 5788432
2009-12-11 1802 4714 6883 13877 5312361
2009-12-12 940 2501 3588 7938 3090286
2009-12-13 902 2404 3738 7849 2769466
2009-12-14 1766 4353 6459 14023 5331796
2009-12-15 1960 5048 7752 14843 6148273
2009-12-16 2014 5256 7977 15474 5819456
2009-12-17 1901 4826 7508 14706 6668742
2009-12-18 1632 4207 6630 13346 4153281
2009-12-19 861 2259 3234 7165 2414600
2009-12-20 826 2268 3255 6976 2252720
2009-12-21 1679 4134 6245 12756 4956408
2009-12-22 1776 4638 6780 13966 5978310
2009-12-23 1653 4268 6572 12263 4891170
2009-12-24 1127 2864 4053 8531 3010641
2009-12-25 595 1464 2195 5334 2932127
2009-12-26 657 1728 2483 5621 1916523
2009-12-27 805 2019 2909 6547 3182146
2009-12-28 1332 3379 4973 10291 3716630
2009-12-29 1545 3861 5695 11515 4880017
2009-12-30 1527 3949 6076 11828 4685227
2009-12-31 1211 3154 4914 9641 4232795
2010-01-01 752 1913 2845 6044 2191388
2010-01-02 916 2359 3639 7682 3353574
2010-01-03 948 2507 3996 9110 3696815
2010-01-04 1822 4467 6786 15431 6416824
2010-01-05 1916 4815 7744 16220 7164326
2010-01-06 2075 5135 7948 16278 7169852
2010-01-07 2138 5182 8241 17541 7091446
2010-01-08 1934 4938 7705 15753 6567308
2010-01-09 1072 2726 4389 9137 3651318
2010-01-10 1080 2672 4384 9205 3308850
2010-01-11 1932 4595 7352 15851 6676361
2010-01-12 2130 5170 7838 17425 7021459
2010-01-13 2235 5273 8096 16791 6376304
2010-01-14 2122 4971 8276 16837 6884417
2010-01-15 1999 4971 7712 16183 5678759
2010-01-16 1119 2713 4224 9561 3593899
2010-01-17 1100 2630 4203 9899 3690921
2010-01-18 1998 4761 7622 15939 5905027
2010-01-19 2251 5539 8458 17272 7177597
2010-01-20 2253 5483 8717 17073 7028932
2010-01-21 2324 5409 8829 17351 6985143
2010-01-22 2047 5062 8335 17091 6299433
2010-01-23 1149 2726 4395 9662 3601716
2010-01-24 1206 2990 4741 10514 3415454
2010-01-25 2077 4797 7963 16534 6157548
2010-01-26 2038 4958 8039 17469 6868073
2010-01-27 2249 5370 8605 17358 7423035
2010-01-28 2193 5222 8615 17120 6810192
2010-01-29 2146 4964 8078 16375 6310979
2010-01-30 1172 2706 4289 9496 3764751
2010-01-31 1181 2740 4355 10037 3555340
2010-02-01 2087 4850 7806 16837 6008600
2010-02-02 2329 5305 8603 17962 7042441
2010-02-03 2265 5312 8740 18805 7761220
2010-02-04 2302 5421 8969 18806 7395096
2010-02-05 2050 4987 8245 17258 5785420
2010-02-06 1115 2810 4881 9716 3307519
2010-02-07 1060 2589 4127 9891 3449360
2010-02-08 2046 4805 7957 17089 6785144
2010-02-09 2298 5203 8474 17981 6784170
2010-02-10 2337 5276 8422 17557 7559481
2010-02-11 2231 4967 8303 16986 6430326
2010-02-12 2122 4882 8173 15919 6002456
2010-02-13 1117 2556 4258 9284 3638716
2010-02-14 1096 2573 4300 9165 2787248
2010-02-15 1926 4368 6725 14122 5720253
2010-02-16 2208 5206 8241 16671 7170269
2010-02-17 2396 5487 8622 17116 7409668
2010-02-18 2301 5320 8187 16155 6175553
2010-02-19 2120 4929 7840 15719 6765953
2010-02-20 1132 2600 4215 8986 3232669
2010-02-21 1143 2649 4373 9555 3652122
2010-02-22 2168 4817 7847 16537 6365715
2010-02-23 2279 5125 8384 17197 6725536
2010-02-24 2386 5346 8682 17888 6786963
2010-02-25 2320 5340 8699 17686 7613553
2010-02-26 2047 4707 7299 16079 6108482
2010-02-27 1139 2633 4338 9376 3146985
2010-02-28 1122 2616 4468 9511 3325117
2010-03-01 2059 4532 7058 15415 6163633
2010-03-02 2332 5338 8476 17058 6447724
2010-03-03 2426 5293 8096 16850 6739404
2010-03-04 2360 5135 8466 17173 6729533
2010-03-05 2198 4900 7854 16269 6778940
2010-03-06 1152 2608 4056 9175 3304621
2010-03-07 1204 2737 4204 9356 3689121
2010-03-08 2212 4854 7402 16215 7295487
2010-03-09 2339 5367 8653 17724 6757048
2010-03-10 2402 5340 8878 17173 6880776
2010-03-11 2370 5342 8725 16590 6617296
2010-03-12 2094 4767 7859 15439 6344783
2010-03-13 1202 2717 4283 9038 3546234
2010-03-14 1152 2597 4387 9145 3695928
2010-03-15 2122 4647 7824 16090 6145821
2010-03-16 2373 5274 8495 17632 7023847
2010-03-17 2331 5060 8283 16158 6185936
2010-03-18 2265 5005 8332 16621 7000086
2010-03-19 2144 4842 8138 16149 6009000
2010-03-20 1182 2732 4354 9626 3203672
2010-03-21 1178 2824 4624 10139 4035495
2010-03-22 2212 4986 8234 16720 6166374
2010-03-23 2378 5200 8315 16751 7640220
2010-03-24 2379 5219 8882 17074 6950388
2010-03-25 2365 5391 8755 17030 6335064
2010-03-26 2155 4837 8155 15838 6092346
2010-03-27 1161 2583 4104 8948 3552985
2010-03-28 1175 2522 4237 9058 3312477
2010-03-29 2138 4597 7521 15950 6158006
2010-03-30 2225 4991 8205 16306 5661623
2010-03-31 2301 5155 8683 17477 6487009
2010-04-01 2101 4587 7425 14650 6057402
2010-04-02 1626 3544 6077 11975 3825114
2010-04-03 1002 2244 3463 7842 2802812
2010-04-04 1011 2232 3740 7800 2595662
2010-04-05 1782 3656 6205 12859 4403074
2010-04-06 2205 4927 7691 16262 5516139
2010-04-07 2331 5000 7996 16199 6864904
2010-04-08 2326 5007 8515 16370 6951593
2010-04-09 2242 4984 8013 15663 6368502
2010-04-10 1143 2668 4511 8847 3296154
2010-04-11 1145 2479 4097 9053 3196985
2010-04-12 2105 4604 7548 15857 6123489
2010-04-13 2426 5182 8445 17011 6551403
2010-04-14 2393 5184 8484 16813 6877136
2010-04-15 2465 5146 8729 16426 7240164
2010-04-16 2163 4679 7544 15592 6130608
2010-04-17 1180 2576 4170 9412 3323046
2010-04-18 1213 2655 4409 9476 3219729
2010-04-19 2183 4682 7428 15882 5733857
2010-04-20 2380 5091 8205 16840 6351607
2010-04-21 2486 5097 8654 17091 6765650
2010-04-22 2522 5218 8744 16948 6053848
2010-04-23 2243 4814 8219 16465 6426874
2010-04-24 1222 2597 4330 9042 3744376
2010-04-25 1175 2518 4386 9318 3580722
2010-04-26 2297 4876 8078 16526 7095999
2010-04-27 2512 5388 8928 17676 6567019
2010-04-28 2458 5238 8691 17759 6497031
2010-04-29 2342 5181 8317 17979 6071272
2010-04-30 2043 4471 7259 15399 5216686
2010-05-01 1114 2384 4016 8137 3161536
2010-05-02 1105 2299 3875 8461 2846309
2010-05-03 2053 4184 6847 14352 5365121
2010-05-04 2361 5052 8420 16605 6805686
2010-05-05 2403 5192 8727 17569 6430442
2010-05-06 2422 5068 8369 16472 7013791
2010-05-07 2132 4670 7556 15445 5542155
2010-05-08 1156 2465 3852 8513 3465386
2010-05-09 1132 2328 4180 8545 2730299
2010-05-10 2291 4977 7932 15906 5959891
2010-05-11 2439 5132 8606 17216 6565634
2010-05-12 2555 5542 8901 17772 7664965
2010-05-13 2306 4805 7870 16027 5441399
2010-05-14 2221 4839 7490 16417 6132397
2010-05-15 1159 2615 4235 9910 2957935
2010-05-16 1229 2607 4478 10199 2739062
2010-05-17 2401 5106 8058 17420 6057539
2010-05-18 2514 5555 8833 18458 6456262
2010-05-19 2534 5453 9030 18686 6108444
2010-05-20 2616 5532 8931 18500 5739218
2010-05-21 2307 5031 8821 16905 5663693
2010-05-22 1217 2587 3948 8944 3015857
2010-05-23 1202 2536 4258 9832 3067070
2010-05-24 2192 4701 7440 16570 5491471
2010-05-25 2494 5393 8691 18515 6194596
2010-05-26 2618 5374 9368 18352 6575560
2010-05-27 2523 5396 8815 18099 6184295
2010-05-28 2206 4928 7864 16374 4839819
2010-05-29 1250 2508 4185 8729 2793104
2010-05-30 1164 2542 4552 9203 3191148
2010-05-31 1882 3730 6351 13713 5102527
2010-06-01 2487 5013 8480 17133 5755417
2010-06-02 2618 5488 9369 17489 6226439
2010-06-03 2616 5419 9219 17725 5994040
2010-06-04 2422 5261 8591 16963 6348223
2010-06-05 1287 2783 4719 9314 2770051
2010-06-06 1257 2605 4577 9499 3037165
2010-06-07 2432 4908 8384 17268 5969844
2010-06-08 2605 5345 9355 18369 6239713
2010-06-09 2706 5585 9511 17941 7601295
2010-06-10 2702 5589 9465 18080 7175521
2010-06-11 2380 5034 8628 16616 5709993
2010-06-12 1173 2390 4000 8364 3000806
2010-06-13 1235 2527 4314 9562 2434830
2010-06-14 2359 4774 8382 16423 5441467
2010-06-15 2595 5431 9229 17535 6005314
2010-06-16 2598 5397 9565 18229 5757513
2010-06-17 2632 5529 9441 18527 6441063
2010-06-18 2255 4951 8375 16422 5162794
2010-06-19 1283 2637 4324 9139 2985586
2010-06-20 1236 2539 4366 9395 2148895
2010-06-21 2480 5119 8719 17550 5381393
2010-06-22 2707 5728 9604 18538 5905624
2010-06-23 2588 5501 9445 18611 4957155
2010-06-24 2621 5528 9555 18260 4850740
2010-06-25 2349 4879 8399 16291 4739754
2010-06-26 1154 2540 4405 9307 1885300
2010-06-27 1156 2406 4287 8978 2670597
2010-06-28 2418 5059 8646 16941 4903155
2010-06-29 2737 5657 9637 17753 6380622
2010-06-30 2932 5946 10197 19189 7259059
2010-07-01 2724 5774 9781 18920 5665156
2010-07-02 2350 4884 8449 16758 5215702
2010-07-03 1152 2355 4111 8493 2044127
2010-07-04 1112 2346 4462 8588 2064264
2010-07-05 2001 4076 7366 14414 3864044
2010-07-06 2594 5443 9541 18191 4985260
2010-07-07 2990 6320 10148 19918 6024784
2010-07-08 3163 6817 11160 22173 6872369
2010-07-09 2829 6331 10287 21085 6400432
2010-07-10 1405 3091 5275 11201 3533445
2010-07-11 1370 2888 5172 10432 3021053
2010-07-12 2739 5443 9929 19094 5491184
2010-07-13 2981 6602 11505 21257 6402536
2010-07-14 3162 6540 11449 22454 6833128
2010-07-15 3273 7267 12034 23374 6525854
2010-07-16 2927 6422 10934 22078 7162027
2010-07-17 1513 3364 5395 11620 4395472
2010-07-18 1418 3207 5391 11574 3856519
2010-07-19 2831 6150 10416 20761 6729630
2010-07-20 3167 6812 11394 22493 7536541
2010-07-21 3225 7014 12116 23080 7874437
2010-07-22 3348 7275 12227 24281 8248746
2010-07-23 2960 6652 11255 22078 6688114
2010-07-24 1397 3123 5364 11416 3541728
2010-07-25 1406 3046 5442 11614 3536801
2010-07-26 2880 6136 10385 21236 7489874
2010-07-27 3092 6756 11859 23114 7280904
2010-07-28 3353 7177 12190 23363 8256999
2010-07-29 3220 6900 11881 22631 7399775
2010-07-30 2747 6050 10676 20165 5882861
2010-07-31 1447 3065 5343 10752 2874277
2010-08-01 1381 3008 5326 11249 3716503
2010-08-02 2922 5916 9920 20256 6497374
2010-08-03 2974 6446 11267 21160 7158034
2010-08-04 3228 6771 11410 23021 8013844
2010-08-05 3292 7069 12009 23181 8227504
2010-08-06 2914 6292 10757 20939 6763052
2010-08-07 1382 3068 5400 11189 3872577
2010-08-08 1477 3019 5569 11286 3793517
2010-08-09 3065 6116 10820 21127 7901071
2010-08-10 3187 6967 11851 22735 7530938
2010-08-11 3226 7229 11998 23750 7442601
2010-08-12 3270 6677 12343 22458 7522819
2010-08-13 2966 6235 11345 21558 8131992
2010-08-14 1546 3307 5752 12217 3903430
2010-08-15 1500 3135 6012 12428 3656808
2010-08-16 3050 6260 11109 22284 7326091
2010-08-17 3410 7281 12432 24603 8304697
2010-08-18 3416 7361 13019 24543 7810989
2010-08-19 3360 7155 12787 24003 8014167
2010-08-20 2925 6665 11424 22351 6037152
2010-08-21 1452 3118 5688 12559 3783633
2010-08-22 1687 3508 6072 12601 3981658
2010-08-23 3040 6519 11464 22515 6887152
2010-08-24 3271 7125 12748 24936 7234601
2010-08-25 3226 6960 12363 24146 6913313
2010-08-26 3316 7048 11802 24228 7229430
2010-08-27 2963 6517 11399 22662 7057396
2010-08-28 1513 3337 5440 11912 3892744
2010-08-29 1499 3240 5871 12792 4263207
2010-08-30 2725 5973 10101 21317 6005120
2010-08-31 3112 6657 11512 22271 6793000
2010-09-01 3218 6692 11508 23054 7591876
2010-09-02 3147 6566 11476 22790 7063714
2010-09-03 2874 6172 10663 20960 6410115
2010-09-04 1569 3282 5834 12202 3885798
2010-09-05 1422 2979 5648 11972 3190622
2010-09-06 2402 4732 8403 16457 5816412
2010-09-07 3007 6310 11441 22205 7024671
2010-09-08 3244 6597 12265 22665 7173487
2010-09-09 2996 6433 11974 22570 6882687
2010-09-10 2727 5812 10696 21146 5598132
2010-09-11 1489 3042 5535 11126 2989436
2010-09-12 1481 3205 6326 12275 4447250
2010-09-13 2973 5845 10923 21026 7084254
2010-09-14 3078 6276 12042 23153 6843040
2010-09-15 3190 6573 12101 22473 7066633
2010-09-16 3150 6620 12011 23519 7627868
2010-09-17 2851 5846 11169 21376 6478427
2010-09-18 1534 3073 5681 11399 3623910
2010-09-19 1451 2968 5479 11801 3599498
2010-09-20 2936 6077 11052 21729 6890781
2010-09-21 3047 6469 12089 22490 6990937
2010-09-22 3129 6556 12207 22979 6883701
2010-09-23 3013 6388 11846 21998 7602475
2010-09-24 2907 6117 11219 20692 7153373
2010-09-25 1503 3089 5825 11308 3416253
2010-09-26 1526 3203 5884 11667 3171952
2010-09-27 2884 5932 11163 21540 6922171
2010-09-28 3130 6546 12013 23245 6323327
2010-09-29 3120 6508 12317 22843 7268464
2010-09-30 3078 6449 12112 22689 7297301
2010-10-01 2819 5948 10822 21007 6781555
2010-10-02 1580 3110 5792 11449 3881431
2010-10-03 1530 3084 6152 12369 2968270
2010-10-04 2844 5724 10568 20142 6069138
2010-10-05 3071 6294 11560 22183 6205887
2010-10-06 3270 6567 12738 22752 7262503
2010-10-07 3172 6453 12368 21812 6836670
2010-10-08 2933 6015 11269 20354 6578598
2010-10-09 1267 2602 4997 9582 2654095
2010-10-10 1736 3408 6220 12113 4127177
2010-10-11 2947 5985 11005 20838 6811588
2010-10-12 3234 6760 12527 23644 7805771
2010-10-13 3326 6786 12679 24916 7533644
2010-10-14 3413 6938 13109 24330 7975172
2010-10-15 2940 6334 12096 22698 7161449
2010-10-16 1584 3411 6164 12274 3796778
2010-10-17 1671 3481 6718 13488 3866099
2010-10-18 3002 6263 11665 22850 6792413
2010-10-19 3379 6925 12861 26699 7260839
2010-10-20 3411 7026 13395 26227 7788207
2010-10-21 3456 7081 13854 26760 6995528
2010-10-22 3083 6483 12447 24308 6127726
2010-10-23 1773 3675 6920 14316 4057874
2010-10-24 1643 3350 6404 12944 3719099
2010-10-25 3085 6365 12248 23244 7107190
2010-10-26 3279 6725 13122 25465 7030684
2010-10-27 3467 7031 13754 25508 7779583
2010-10-28 3321 6967 13063 25138 6905182
2010-10-29 3034 6449 12032 23431 6239466
2010-10-30 1704 3479 6310 13357 4194168
2010-10-31 1707 3548 6577 12947 3818556
2010-11-01 2943 6078 11346 22287 6739661
2010-11-02 3225 6815 12715 24612 7166164
2010-11-03 3291 7082 13452 25692 7924990
2010-11-04 3362 7167 13597 26225 7415732
2010-11-05 2943 6530 11946 23382 6192788
2010-11-06 1745 3559 6678 13248 4714760
2010-11-07 1748 3483 7106 13913 3847923
2010-11-08 3247 6665 13178 24127 7475205
2010-11-09 3788 7860 14753 26144 8283512
2010-11-10 3614 7651 14600 26603 8274004
2010-11-11 3539 7355 13777 25067 7933621
2010-11-12 3334 7173 13277 24909 8719939
2010-11-13 1961 4009 7457 14969 4127775
2010-11-14 1876 3886 7294 14753 3969537
2010-11-15 3342 7024 12978 23964 8650816
2010-11-16 3566 7492 13821 25775 8276994
2010-11-17 3472 7566 13877 25615 7729152
2010-11-18 3685 7683 14346 26605 8596775
2010-11-19 3359 7328 13596 24485 7781329
2010-11-20 1922 3897 7378 14274 4363522
2010-11-21 1940 4080 7805 14544 4042925
2010-11-22 3527 7521 13920 26344 7846157
2010-11-23 3735 7729 14685 26238 8779459
2010-11-24 3539 7623 14596 25591 7995466
2010-11-25 3076 6272 11607 19650 6833781
2010-11-26 2622 5467 10382 18892 5543980
2010-11-27 1932 3865 7108 13661 4110829
2010-11-28 1907 3997 7830 14812 4148189
2010-11-29 3303 6804 12667 24362 7396904
2010-11-30 3679 7846 14766 27195 8389292
2010-12-01 3679 7569 14449 25596 8902587
2010-12-02 3801 7919 15507 26104 8490334
2010-12-03 3361 7102 13684 24593 7738964
2010-12-04 1966 4067 7732 14192 4738588
2010-12-05 1997 4071 7823 14558 4087921
2010-12-06 3431 7075 14248 24907 7955082
2010-12-07 3670 7519 14556 25594 8375145
2010-12-08 3618 7486 14641 25621 8041287
2010-12-09 3714 7684 14796 26750 7689417
2010-12-10 3425 7153 13318 24461 7283900
2010-12-11 1942 3961 8117 14343 3970567
2010-12-12 1863 3813 7670 14362 3989646
2010-12-13 3407 7082 13611 25227 6589517
2010-12-14 3748 7777 14897 26203 8070509
2010-12-15 3702 7757 14799 26386 7282968
2010-12-16 3576 7376 14361 25241 8695715
2010-12-17 3186 6781 13054 24319 6809019
2010-12-18 1820 3799 6991 13877 3496067
2010-12-19 1859 3757 7350 14350 3798883
2010-12-20 3254 6671 13209 23673 7218265
2010-12-21 3390 7253 13747 24748 7041482
2010-12-22 3431 7070 13716 23976 7615659
2010-12-23 2905 6152 11700 20690 5860556
2010-12-24 1892 3837 7362 13534 4088144
2010-12-25 1318 2437 4537 8579 2789516
2010-12-26 1426 2804 5376 10826 3248636
2010-12-27 2466 4839 9002 16350 5117399
2010-12-28 2778 5560 10886 19342 6191619
2010-12-29 2957 6160 12123 21096 6510663
2010-12-30 2886 6060 11961 20297 6913164
2010-12-31 1935 4029 8029 14728 4331873
2011-01-01 1318 2802 5712 10964 3414099
2011-01-02 1752 3653 7359 13324 4052052
2011-01-03 2924 6160 12265 23211 7354334
2011-01-04 3589 7618 14250 26910 9435334
2011-01-05 3840 7948 15175 26709 10451858
2011-01-06 3799 7851 15356 26753 9370649
2011-01-07 3615 7380 14333 26038 8686925
2011-01-08 2055 4138 8106 15605 4758036
2011-01-09 2141 4492 9258 16634 5116982
2011-01-10 3705 7602 15114 26160 10359612
2011-01-11 4042 8174 16156 28497 9711851
2011-01-12 4059 8448 16702 29211 9626075
2011-01-13 4165 8519 16961 29350 10063883
2011-01-14 3760 7990 15797 28161 8526678
2011-01-15 2107 4458 8346 15815 5433707
2011-01-16 2269 4700 9381 16349 5464761
2011-01-17 3822 7682 15031 26801 9359490
2011-01-18 4021 8185 15813 28192 9543248
2011-01-19 4283 8693 17192 30869 9423374
2011-01-20 4332 8821 17300 31146 10832274
2011-01-21 4014 8229 16252 28787 10273297
2011-01-22 2391 4816 9754 18718 5438952
2011-01-23 2314 4737 9610 18019 5924434
2011-01-24 4086 8352 16330 30363 10434349
2011-01-25 4238 8682 17128 31523 10253367
2011-01-26 4075 8573 17216 31476 10051824
2011-01-27 4315 8664 17552 31688 10643603
2011-01-28 3969 8143 16996 29876 9084076
2011-01-29 2365 4732 9645 17673 5811204
2011-01-30 2362 4939 10115 19070 6614449
2011-01-31 4049 8199 16785 30640 9746961
2011-02-01 4263 8879 17739 32037 9867029
2011-02-02 4326 8985 17811 31711 10330627
2011-02-03 4346 8656 17330 30835 10635462
2011-02-04 3957 8471 16817 30616 9058672
2011-02-05 2416 4813 9951 18573 6188781
2011-02-06 2511 5005 10764 19756 5394582
2011-02-07 4179 8125 16406 29999 8708785
2011-02-08 4460 8904 17996 33188 10768482
2011-02-09 4514 9199 18294 32848 9877381
2011-02-10 4505 9119 17932 32334 10780756
2011-02-11 4088 8086 16497 29447 9227399
2011-02-12 2380 4801 9670 17840 5712578
2011-02-13 2417 4856 10011 19494 5060576
2011-02-14 4076 7985 16029 30204 9751591
2011-02-15 4397 8828 17170 32233 10522859
2011-02-16 4656 9310 18065 31796 11708863
2011-02-17 4570 9244 18225 33470 10881507
2011-02-18 4161 8591 17029 30547 8780039
2011-02-19 2372 4837 10001 17551 5757846
2011-02-20 2518 5088 10151 19049 5435766
2011-02-21 4266 8343 16359 29027 9905252
2011-02-22 4768 9337 17868 32140 10481183
2011-02-23 4875 9644 19047 33431 10723058
2011-02-24 4679 9520 18385 33326 10390961
2011-02-25 4329 8892 17058 31423 10402914
2011-02-26 2469 4983 9296 18561 5597116
2011-02-27 2442 4892 9750 18656 5749781
2011-02-28 4306 8723 17254 30831 9710386
2011-03-01 4603 9340 18520 33330 9970263
2011-03-02 4718 9490 18259 33299 9922369
2011-03-03 4704 9600 18304 33409 10417387
2011-03-04 4379 9026 17581 31370 10026305
2011-03-05 2639 5312 10383 19765 5757643
2011-03-06 2570 5096 10114 19231 5984771
2011-03-07 4558 8953 17514 31296 9199411
2011-03-08 4790 9441 18600 32146 10610539
2011-03-09 5058 10031 19448 34779 11623406
2011-03-10 4835 9820 19778 33918 10900654
2011-03-11 4396 8967 17027 30286 9518758
2011-03-12 2500 5048 10030 18288 6135046
2011-03-13 2608 5279 10537 19418 6834071
2011-03-14 4655 8878 17792 31443 10748807
2011-03-15 4784 9524 19465 33382 11010793
2011-03-16 4903 9921 20192 33911 10528833
2011-03-17 4748 9714 19142 32806 10595109
2011-03-18 4432 8935 17759 31529 9315153
2011-03-19 2496 5098 9975 18890 5390349
2011-03-20 2592 5031 10423 18734 5687015
2011-03-21 4554 9031 17955 31794 10672455
2011-03-22 5037 10104 19993 34260 10759253
2011-03-23 5020 9774 19716 33166 11829258
2011-03-24 4854 9892 19658 34344 10307322
2011-03-25 4330 8848 18002 31409 9006810
2011-03-26 2589 5094 10218 18007 5543066
2011-03-27 2711 5221 10887 19813 5690259
2011-03-28 4665 9365 18655 32489 9545966
2011-03-29 4897 10008 20099 32996 10042930
2011-03-30 4743 9772 20215 33134 10600288
2011-03-31 4970 9883 20360 34076 9871733
2011-04-01 4318 8695 18123 34244 9000190
2011-04-02 2465 4985 10093 19084 5017977
2011-04-03 2554 5030 10297 18800 5239012
2011-04-04 4542 8709 18076 31982 8498756
2011-04-05 5120 10151 20412 35386 10316922
2011-04-06 5158 10135 20545 36160 10297281
2011-04-07 5127 10365 20442 35028 11796475
2011-04-08 4567 9395 19201 32970 9476740
2011-04-09 2610 5039 10012 18633 5431423
2011-04-10 2634 5090 10808 19769 5196496
2011-04-11 4801 9510 19348 34016 10380454
2011-04-12 5096 10046 20746 35687 10245867
2011-04-13 5027 10144 20948 36124 10136608
2011-04-14 5032 9945 21139 35078 10752684
2011-04-15 4536 8990 18946 32435 8724954
2011-04-16 2633 5001 10217 18031 6071108
2011-04-17 2600 5011 10865 18718 4961326
2011-04-18 4664 9056 19374 32775 10653925
2011-04-19 5061 9766 19637 34752 10059943
2011-04-20 5082 9693 19739 34834 10046685
2011-04-21 4646 9442 19792 34609 9002243
2011-04-22 3711 7151 15585 27415 7433439
2011-04-23 2520 4798 10134 18625 5779662
2011-04-24 2375 4649 9792 17990 5317014
2011-04-25 3878 7481 15579 28386 7197455
2011-04-26 4820 9493 20123 35284 9580100
2011-04-27 5247 10122 21543 38192 10570159
2011-04-28 5128 10292 21619 37258 10480197
2011-04-29 4396 8650 17446 31997 8612495
2011-04-30 2699 4990 10630 19339 5343534
2011-05-01 2706 5107 11220 19760 5263687
2011-05-02 4312 8095 17368 30843 8058848
2011-05-03 4914 9583 20088 36455 10143872
2011-05-04 5128 10169 21366 38907 9870355
2011-05-05 5199 10065 21102 38844 10635002
2011-05-06 4728 9181 19160 36983 9396836
2011-05-07 2554 4906 10274 20440 4963134
2011-05-08 2527 4826 10668 21102 4870066
2011-05-09 4711 8821 18982 38507 8900732
2011-05-10 5136 10017 21238 41367 10152892
2011-05-11 5265 10180 21399 41573 9791124
2011-05-12 5093 9889 21395 41074 9185127
2011-05-13 4722 9336 19904 37995 8903742
2011-05-14 2542 4837 10532 20649 5152703
2011-05-15 2554 4854 10575 21755 4616018
2011-05-16 4713 9044 19171 37555 9135287
2011-05-17 4998 9874 20696 40856 9945649
2011-05-18 5121 10023 21482 40881 9800626
2011-05-19 5041 9714 21143 41020 9670350
2011-05-20 4635 9065 19469 37805 9109507
2011-05-21 2481 4790 10025 20193 5007097
2011-05-22 2550 4742 10079 21157 4697374
2011-05-23 4794 9143 19669 38692 8931626
2011-05-24 5061 9953 21457 41798 9869154
2011-05-25 5141 10290 21822 43237 9879937
2011-05-26 5199 10112 22075 41365 9731459
2011-05-27 4436 9133 20000 38185 8534762
2011-05-28 2429 4795 10778 21178 5545142
2011-05-29 2420 4577 10363 21766 4668243
2011-05-30 3941 7404 16135 30633 7197515
2011-05-31 4809 9521 20721 40567 8508446
2011-06-01 5146 10290 22298 43560 9681673
2011-06-02 4688 9251 20142 39598 8912417
2011-06-03 4454 8851 19582 37861 7344162
2011-06-04 2477 4774 10679 22321 4646283
2011-06-05 2619 5050 11429 22849 4562844
2011-06-06 4798 8965 19975 38202 7955622
2011-06-07 4933 9711 21317 41250 9574117
2011-06-08 5178 9854 21728 41413 9212155
2011-06-09 5179 9908 21918 42367 9542602
2011-06-10 4580 9188 19631 38565 8223698
2011-06-11 2371 4568 10064 21191 3962763
2011-06-12 2475 4636 10402 22044 4241262
2011-06-13 4548 8620 18858 36443 8538778
2011-06-14 4953 9946 21409 42692 9351335
2011-06-15 5154 10059 22274 42385 9680027
2011-06-16 5143 10104 21935 42313 9058849
2011-06-17 4619 9496 20280 39522 8566474
2011-06-18 2552 4912 10739 21959 4677765
2011-06-19 2397 4554 10355 21146 4151928
2011-06-20 4799 9211 20247 40113 8377666
2011-06-21 5304 10425 21587 43016 9432467
2011-06-22 5265 10417 22785 44105 8922758
2011-06-23 5172 10217 21988 43907 8522731
2011-06-24 4548 9159 19662 38385 8402662
2011-06-25 2448 4746 10335 21266 4192554
2011-06-26 2427 4720 10480 20849 4331593
2011-06-27 4743 8945 20424 39080 7088101
2011-06-28 5056 9869 21890 41517 8149684
2011-06-29 5236 10038 22122 41927 8362110
2011-06-30 4992 9742 21667 40619 8721527
2011-07-01 4206 8481 18234 34908 7012554
2011-07-02 2284 4325 9373 19144 3868673
2011-07-03 2345 4416 9500 19964 3650081
2011-07-04 3962 7331 15701 30297 6462342
2011-07-05 4812 9030 19794 38062 7882562
2011-07-06 5182 9988 21616 41335 8761344
2011-07-07 5138 9809 21147 40047 7845016
2011-07-08 4727 9220 20171 37884 7716037
2011-07-09 2461 4794 10002 20829 3930322
2011-07-10 2410 4494 10152 19403 3744611
2011-07-11 4970 9410 20147 38697 8385162
2011-07-12 5295 10308 22243 41454 9027929
2011-07-13 5234 10125 21975 40793 9040136
2011-07-14 5167 9726 21310 38737 8098551
2011-07-15 4636 8997 19418 35913 7301745
2011-07-16 2497 4869 10360 20225 3301649
2011-07-17 2493 4814 10425 19635 3724313
2011-07-18 4898 9143 19824 37470 7021449
2011-07-19 5254 10164 22043 39816 8111675
2011-07-20 5192 9996 22067 40312 8864390
2011-07-21 5263 10000 21964 41439 9431417
2011-07-22 4715 9161 20170 36820 8562483
2011-07-23 2507 4831 10298 20690 4662303
2011-07-24 2476 4703 10608 20982 4594469
2011-07-25 4830 9228 20099 38505 7503469
2011-07-26 5224 9720 21852 40629 8491840
2011-07-27 5368 10055 22308 40599 9058116
2011-07-28 5205 10173 22095 40319 8689096
2011-07-29 4665 9166 19774 37012 7353466
2011-07-30 2491 4754 9815 20237 3476282
2011-07-31 2467 4725 9728 20554 3918871
2011-08-01 4713 8792 19206 36005 7235793
2011-08-02 5233 9954 21646 41279 8802704
2011-08-03 5351 10269 22197 41545 8065712
2011-08-04 5568 10604 22402 41821 9339118
2011-08-05 4938 9703 20967 38358 7721083
2011-08-06 2302 4357 8888 18330 3656112
2011-08-07 2594 5009 11273 21330 3957652
2011-08-08 4906 9313 20191 40028 8201905
2011-08-09 5338 10250 22589 42540 8108289
2011-08-10 5454 10413 22401 42647 8495035
2011-08-11 5417 10268 23045 43274 8969312
2011-08-12 4813 9369 20587 39496 7525375
2011-08-13 2449 4777 10988 21258 3703976
2011-08-14 2520 4775 11219 21739 4239854
2011-08-15 4476 8332 19230 38102 6937524
2011-08-16 5202 10149 22175 43830 8465156
2011-08-17 5380 10218 23097 45209 7935910
2011-08-18 5283 10409 23400 44845 8045762
2011-08-19 4761 9063 20896 39193 7460329
2011-08-20 2580 4898 10924 20473 3884108
2011-08-21 2544 4777 11161 21846 3706707
2011-08-22 4748 9112 19784 40078 7577241
2011-08-23 5171 9802 21879 43710 8362224
2011-08-24 5357 10536 22844 44860 8490364
2011-08-25 5415 10437 22861 43198 8847289
2011-08-26 4726 9332 20467 39383 7366223
2011-08-27 2512 4735 10235 21299 3787374
2011-08-28 2551 4931 10878 22146 4220149
2011-08-29 4564 8753 19105 39514 7520680
2011-08-30 5049 9845 21093 43213 7935781
2011-08-31 5220 10023 22433 44272 8041143
2011-09-01 4981 9433 21447 42843 8022149
2011-09-02 4580 8576 19723 39097 7040989
2011-09-03 2467 4652 10185 21967 3794788
2011-09-04 2467 4581 10688 22484 4145132
2011-09-05 4119 7441 16386 32369 6236388
2011-09-06 5054 9506 21065 43069 8019467
2011-09-07 5345 9830 22111 44114 7861390
2011-09-08 5269 9824 20908 42506 8785453
2011-09-09 4704 9071 20005 38698 7385418
2011-09-10 2628 4854 10362 22109 4499465
2011-09-11 2602 4828 10674 22544 4045201
2011-09-12 4862 9077 20626 41081 7448917
2011-09-13 5331 9853 22496 43697 8016763
2011-09-14 5395 10164 22280 44866 8935655
2011-09-15 5304 9966 21271 43704 8066525
2011-09-16 4756 8763 19866 39292 6900682
2011-09-17 2663 4977 10229 21632 4031076
2011-09-18 2568 4725 10227 21895 3908868
2011-09-19 4988 9019 19382 38775 7462581
2011-09-20 5374 9912 21656 42245 7729243
2011-09-21 5436 10223 22199 42534 7639310
2011-09-22 5400 10125 21441 43146 7922276
2011-09-23 4830 8984 19312 38628 7122235
2011-09-24 2641 4734 10009 21234 4082487
2011-09-25 2601 4742 10278 21658 4155259
2011-09-26 4981 9076 19839 40707 7273121
2011-09-27 5116 9837 21194 43212 7263786
2011-09-28 5279 9580 21057 41286 7427978
2011-09-29 5000 9242 20398 40885 6904584
2011-09-30 4702 8622 19798 38569 7303753
2011-10-01 2464 4603 9814 20667 3417474
2011-10-02 2484 4408 10125 20986 3542210
2011-10-03 4462 8158 18025 37214 6393362
2011-10-04 5035 9126 20193 40729 7259230
2011-10-05 5136 9571 20447 41833 7439870
2011-10-06 4814 8746 18699 37902 6629992
2011-10-07 4605 8360 18311 36890 6681102
2011-10-08 2504 4573 9591 21061 3916538
2011-10-09 2716 4687 10207 21691 3853390
2011-10-10 4734 8410 18578 37153 7479255
2011-10-11 5181 9356 20490 41957 7211109
2011-10-12 5296 9654 20608 40794 8007060
2011-10-13 5145 9274 19616 39966 8251909
2011-10-14 5095 8923 19683 39491 8646453
2011-10-15 2907 4878 10275 21276 5122358
2011-10-16 2841 4814 10439 21180 4423056
2011-10-17 4984 8934 19222 39044 8195461
2011-10-18 5465 9662 21581 42436 8046831
2011-10-19 5574 9968 21590 41341 8732877
2011-10-20 5327 9504 21142 40636 8189209
2011-10-21 4873 8998 19308 38501 7734412
2011-10-22 2750 4853 10569 21219 4297830
2011-10-23 2769 4791 10671 21426 4734096
2011-10-24 4979 9071 20006 38789 8166156
2011-10-25 5255 9828 21719 43221 7996483
2011-10-26 4949 9325 21177 42844 7359191
2011-10-27 5221 9454 21092 41572 8118153
2011-10-28 4554 8477 18728 37261 6794003
2011-10-29 2591 4619 9714 20754 4219431
2011-10-30 2623 4505 10500 21529 3863691
2011-10-31 4676 8380 18380 37116 6958243
2011-11-01 5047 8984 20099 38587 7454319
2011-11-02 5339 9894 21495 42610 7876522
2011-11-03 5375 9886 21817 42531 7638253
2011-11-04 5033 9362 19880 38808 7243280
2011-11-05 2755 4970 10650 22088 4175285
2011-11-06 2806 5034 10927 22166 3956752
2011-11-07 4962 8868 19562 39148 7112348
2011-11-08 5373 9874 21444 45303 8014042
2011-11-09 5484 10055 22758 45061 8055642
2011-11-10 5521 10022 22226 44865 7669682
2011-11-11 5002 9202 20023 39799 9715160
2011-11-12 2820 5129 11267 23141 6756310
2011-11-13 2896 5202 12068 24246 6895387
2011-11-14 5247 9581 21512 43893 9449370
2011-11-15 5533 10429 23088 46988 10866343
2011-11-16 5865 10780 23836 48031 9766522
2011-11-17 5757 10760 24026 47720 9031693
2011-11-18 5208 10135 22512 45093 8845785
2011-11-19 3036 5428 11927 24803 4723981
2011-11-20 3003 5323 12042 24996 4684679
2011-11-21 5411 9842 22291 44508 8200195
2011-11-22 5779 10603 23652 49637 8900456
2011-11-23 5524 10258 23304 47202 8140992
2011-11-24 4783 8715 19358 37589 7111329
2011-11-25 4398 7927 18001 35703 6499373
2011-11-26 2831 5159 11420 24840 4094945
2011-11-27 2894 5324 12259 25905 4872955
2011-11-28 5245 9683 21957 44773 7955726
2011-11-29 5762 10700 24272 50055 8474100
2011-11-30 5773 10777 24142 49369 8668377
2011-12-01 5599 10581 23682 46919 8307267
2011-12-02 5230 9715 21964 42912 7463402
2011-12-03 2983 5523 12134 25195 4928453
2011-12-04 2921 5357 11774 24891 4030524
2011-12-05 5260 9611 21650 44057 7700837
2011-12-06 5659 10331 23212 47494 8063274
2011-12-07 5947 10776 24533 47233 8041699
2011-12-08 5583 10387 23489 44521 8001627
2011-12-09 5016 9505 21179 42797 7528733
2011-12-10 2983 5280 12033 24006 4065548
2011-12-11 2933 5350 12544 24446 4399105
2011-12-12 5265 9612 21294 43499 7891338
2011-12-13 5697 10442 24150 47054 8598588
2011-12-14 5807 10878 24668 47665 8031063
2011-12-15 5533 10220 23461 46678 7749185
2011-12-16 4885 9343 20874 42010 7201993
2011-12-17 2980 5257 11984 24952 4324780
2011-12-18 2797 5121 12344 24638 4548836
2011-12-19 5185 9247 21714 44364 8360631
2011-12-20 5297 9995 23053 45819 7148156
2011-12-21 5352 10001 23059 44585 7633614
2011-12-22 4825 9250 21643 41482 7011189
2011-12-23 3967 7388 17139 33632 5755151
2011-12-24 2229 4146 9224 19158 3277936
2011-12-25 1821 3365 7891 16422 2797039
2011-12-26 3053 5242 11253 22485 4331139
2011-12-27 3934 7088 16478 31909 5387502
2011-12-28 4553 8530 18863 36801 6389501
2011-12-29 4594 8555 19332 37924 6081065
2011-12-30 3966 7457 17224 33376 5840980
2011-12-31 2384 4451 10699 21781 3574819
2012-01-01 2066 3920 9352 19345 3380183
2012-01-02 3849 7018 17227 31930 6334104
2012-01-03 5109 9759 22538 45390 7564685
2012-01-04 5632 10832 25204 47431 8517368
2012-01-05 5851 11089 26021 48856 8582987
2012-01-06 5184 10138 23520 44639 8086035
2012-01-07 3167 5782 13215 26276 4548084
2012-01-08 3203 6034 14433 27512 4722663
2012-01-09 5451 9900 23106 45902 7817903
2012-01-10 5800 10936 25126 49128 8379450
2012-01-11 6015 11159 25707 49701 9003754
2012-01-12 5921 10738 25466 49608 9515107
2012-01-13 5473 10126 23828 45920 8624699
2012-01-14 3034 5414 12384 25203 4479958
2012-01-15 3222 5730 13379 27231 3994431
2012-01-16 5336 9425 22183 44074 8123731
2012-01-17 5756 10872 25022 49878 8202812
2012-01-18 5870 11132 25478 51781 8197043
2012-01-19 5969 11014 25135 50710 8481153
2012-01-20 5417 10085 23000 47016 7613089
2012-01-21 3280 6045 13754 27093 4396893
2012-01-22 3189 5847 13689 27716 4603063
2012-01-23 5530 10073 24055 47839 7710710
2012-01-24 6124 11109 25538 51468 9312833
2012-01-25 6124 11187 25790 51681 8724334
2012-01-26 5754 10687 24683 49714 7486947
2012-01-27 5352 9853 22916 46307 7180549
2012-01-28 3223 5706 12585 25838 4558498
2012-01-29 3273 5802 13700 28431 4734555
2012-01-30 5643 10008 23296 48360 7537894
2012-01-31 6221 11142 26174 51364 8758521
2012-02-01 6165 11289 25754 52175 8564933
2012-02-02 6241 11388 26296 51872 8760044
2012-02-03 5734 10542 24207 48565 8015143
2012-02-04 3391 6100 13601 28073 4763049
2012-02-05 3342 5965 14137 28181 4740632
2012-02-06 5788 10139 23922 47968 7424211
2012-02-07 6325 11606 26448 53040 8889893
2012-02-08 6566 11961 27630 53936 9156100
2012-02-09 6528 11889 27741 52798 8800828
2012-02-10 5888 10769 25228 49154 8073446
2012-02-11 3393 6001 14291 28007 4706591
2012-02-12 3556 6109 14726 29485 5397271
2012-02-13 6069 10813 25832 50278 8381157
2012-02-14 6202 10976 26507 50875 8777197
2012-02-15 6615 11790 26387 51454 9122694
2012-02-16 6628 11884 27145 52975 9285364
2012-02-17 5936 10866 25225 48200 9404757
2012-02-18 3295 5649 12824 25212 4334663
2012-02-19 3670 6389 14836 29410 5302311
2012-02-20 6005 10468 24158 46618 7492768
2012-02-21 6443 11392 27387 52622 8413105
2012-02-22 6627 12080 27348 53012 8774033
2012-02-23 6762 12384 29601 55369 9046433
2012-02-24 6125 11092 26579 49789 8196839
2012-02-25 3635 6639 14537 29324 5286383
2012-02-26 3670 6389 15297 29628 5050301
2012-02-27 5949 10862 25333 49179 7886082
2012-02-28 6552 11877 28260 53603 8755972
2012-02-29 6428 11534 27161 51694 9195326
2012-03-01 6542 11701 26851 50768 8617582
2012-03-02 6047 11007 25908 48269 9208700
2012-03-03 3553 6068 14319 28030 4972012
2012-03-04 3599 6323 15159 31045 4370630
2012-03-05 6057 10687 25019 47808 8421161
2012-03-06 6673 12106 28431 53331 10068684
2012-03-07 6607 11781 27558 51845 9566082
2012-03-08 6221 10870 25746 49311 10098066
2012-03-09 5936 10565 25597 46592 8081349
2012-03-10 3529 6163 14113 27215 5182389
2012-03-11 3583 6254 14789 30331 5714220
2012-03-12 6222 10835 25938 48805 8630045
2012-03-13 6635 11911 27841 51021 9002670
2012-03-14 6714 12036 28693 52598 9361146
2012-03-15 6671 11953 27591 51380 9032733
2012-03-16 5893 10742 25349 47089 8230207
2012-03-17 3477 6216 14237 27562 4931518
2012-03-18 3486 5969 14789 28365 4553717
2012-03-19 6247 10851 25610 48201 8119366
2012-03-20 6551 11411 27702 51305 8946405
2012-03-21 6732 11963 28570 53612 9129553
2012-03-22 6656 11812 27969 52950 8436279
2012-03-23 5779 10744 24877 47445 7904661
2012-03-24 3559 6364 14163 27802 5331981
2012-03-25 3550 6124 14606 28989 4664608
2012-03-26 6239 11152 26175 49996 8401770
2012-03-27 6657 11962 27830 53397 9165231
2012-03-28 6760 11933 28282 53173 9140463
2012-03-29 6652 12072 28195 52683 8882409
2012-03-30 5977 11171 25882 49611 7564401
2012-03-31 3480 6086 14165 27844 4779912
2012-04-01 3514 6128 14718 28724 4621282
2012-04-02 6180 10820 26123 49574 7723952
2012-04-03 6645 11878 27930 52538 8439827
2012-04-04 6744 11735 28889 53556 8770109
2012-04-05 6295 10999 26851 50177 8237034
2012-04-06 4743 8571 20663 38886 6189878
2012-04-07 3546 5915 14166 25903 4908430
2012-04-08 3297 5641 13710 25699 4243023
2012-04-09 5239 9254 22627 42266 6379955
2012-04-10 6378 11302 28101 52108 8356977
2012-04-11 6682 11709 28334 54464 7814102
2012-04-12 6781 11791 28612 54289 9036752
2012-04-13 5920 10922 26857 48263 7930399
2012-04-14 3390 5821 14113 27032 4655683
2012-04-15 3640 6073 15035 28079 5339834
2012-04-16 6169 10617 26751 49287 7869308
2012-04-17 6570 11596 29162 52499 8422361
2012-04-18 7044 12698 30571 55046 8997559
2012-04-19 6947 12227 30120 53523 8401624
2012-04-20 6116 10785 26712 48416 7596624
2012-04-21 3609 6003 14593 28003 4525111
2012-04-22 3654 6106 15571 28642 5011287
2012-04-23 6412 10758 27494 51054 8092162
2012-04-24 6707 11695 28412 52610 8649690
2012-04-25 6806 11917 29352 53054 8871556
2012-04-26 6694 11713 28954 54372 9070484
2012-04-27 6289 11064 27646 50420 9263808
2012-04-28 3712 6306 14866 28950 5466305
2012-04-29 3611 5947 14822 28844 5067449
2012-04-30 5855 10164 25258 48584 8471883
2012-05-01 5592 9723 24700 48303 7793261
2012-05-02 6756 11834 29013 55400 9025683
2012-05-03 6794 11715 29444 55128 9482829
2012-05-04 6328 11335 27679 52494 8453742
2012-05-05 3760 6346 15835 29808 5523887
2012-05-06 3495 5895 15225 29214 4882750
2012-05-07 5993 10172 25500 49974 8147603
2012-05-08 6539 11807 28745 55586 8258954
2012-05-09 6825 11602 29115 54397 9282915
2012-05-10 6881 11791 29902 54911 8298369
2012-05-11 6098 10823 27049 49868 7662795
2012-05-12 3408 5708 13902 27441 4669975
2012-05-13 3297 5356 13709 26513 4127179
2012-05-14 6407 10624 27247 51796 8481277
2012-05-15 6920 11924 29207 55305 9506780
2012-05-16 6902 12050 29128 54293 9453419
2012-05-17 6413 11227 27578 50883 9129176
2012-05-18 6126 10707 27183 49393 8539677
2012-05-19 3456 5822 14857 26728 4937906
2012-05-20 3419 5836 15065 28220 4438212
2012-05-21 6137 10455 26487 51028 7931129
2012-05-22 6773 11659 28574 55847 8396930
2012-05-23 6843 11992 29571 55288 9066796
2012-05-24 6639 11488 28674 55266 8424022
2012-05-25 6003 10509 26724 50177 8265683
2012-05-26 3292 5574 14212 27614 4546062
2012-05-27 3133 5303 13751 26450 4079157
2012-05-28 5210 8942 21886 41400 6838796
2012-05-29 6505 11157 28153 54435 8736244
2012-05-30 6713 11749 29604 56594 7871232
2012-05-31 6413 11351 28032 52674 8166206
2012-06-01 6030 10711 26463 49040 7897961
2012-06-02 3273 5705 13937 27245 4856838
2012-06-03 3318 5637 14156 28002 4614092
2012-06-04 5935 9777 24806 46710 7609793
2012-06-05 6415 11004 27639 51539 7370541
2012-06-06 6610 11462 28976 53328 7848845
2012-06-07 6745 11460 29445 52557 8475397
2012-06-08 6042 10601 27605 51698 7124007
2012-06-09 3297 5583 14276 28653 4237880
2012-06-10 3275 5383 14400 28240 4030484
2012-06-11 6164 10339 26579 51295 7178035
2012-06-12 6654 11686 29685 57264 8821061
2012-06-13 7155 12388 31345 60564 8635399
2012-06-14 7032 12048 31325 59430 8505499
2012-06-15 6190 11087 28288 51871 7005700
2012-06-16 3384 5801 14511 28912 4305645
2012-06-17 3327 5398 13870 27736 4308813
2012-06-18 6645 11138 28440 55191 7385925
2012-06-19 7050 12222 30859 60882 7894442
2012-06-20 7230 12324 32195 61048 8160777
2012-06-21 7249 12285 31493 59539 7867325
2012-06-22 6383 11324 29042 53557 7181608
2012-06-23 3387 5775 15081 28384 4092747
2012-06-24 3370 5604 14775 28442 4068427
2012-06-25 6481 10817 28069 53764 7246186
2012-06-26 7052 12166 31609 59125 7387753
2012-06-27 7148 12185 31880 59291 9122796
2012-06-28 6942 11974 30402 57692 8185566
2012-06-29 6237 10436 27558 51473 7357722
2012-06-30 3303 5596 14470 28295 4326083
2012-07-01 3251 5395 14193 27801 3474760
2012-07-02 6235 10484 26219 52115 6869935
2012-07-03 6951 11661 30467 57192 7666658
2012-07-04 5895 10065 25019 47444 6619605
2012-07-05 6806 11501 29396 54984 7417092
2012-07-06 6481 11154 29419 52629 6950106
2012-07-07 3434 5877 14676 28418 3569321
2012-07-08 3323 5589 14712 28462 4074593
2012-07-09 6588 11036 28333 53655 6863356
2012-07-10 7113 12224 31437 58814 7713533
2012-07-11 7337 12551 31593 58292 7696691
2012-07-12 7133 12253 31610 57856 8056506
2012-07-13 6556 11309 29056 53487 6788681
2012-07-14 3341 5752 14100 28796 3917028
2012-07-15 3368 5670 14991 29780 3848964
2012-07-16 6801 11417 29804 56129 7323994
2012-07-17 7012 11630 30833 58742 7025481
2012-07-18 7365 12630 32349 58613 7696568
2012-07-19 7271 12404 31432 58292 7803476
2012-07-20 6532 11398 28290 53090 7019765
2012-07-21 3371 5629 14125 28532 3868052
2012-07-22 3477 5689 15046 28934 4004085
2012-07-23 6642 11165 29295 54526 7025613
2012-07-24 7032 12395 31478 59683 7193660
2012-07-25 7429 12519 32508 59227 8031761
2012-07-26 7280 12438 31839 59383 8235163
2012-07-27 6635 11561 28908 52791 7276663
2012-07-28 3457 5887 15022 26890 3802358
2012-07-29 3412 5801 14318 27995 3690732
2012-07-30 6654 11132 29012 54355 6676896
2012-07-31 7325 12589 31980 58673 7930684
2012-08-01 6980 12074 31093 57397 7690576
2012-08-02 6986 11999 31245 57523 7331848
2012-08-03 6413 11422 28707 51734 6576682
2012-08-04 3399 5623 14338 28560 3941379
2012-08-05 3420 5622 14203 28120 3604506
2012-08-06 6409 10753 27454 52283 6915760
2012-08-07 6987 11953 29675 58333 7233736
2012-08-08 7137 12473 30968 59113 7719084
2012-08-09 7098 12208 31164 58519 7018883
2012-08-10 6483 11282 28442 52676 6353615
2012-08-11 3130 5491 13021 26459 2942744
2012-08-12 3342 5600 14363 27953 3441903
2012-08-13 6616 11106 29025 53955 6428140
2012-08-14 6929 12105 31101 59146 6755986
2012-08-15 6324 11052 29109 54402 6137664
2012-08-16 6981 11844 30869 57409 7617106
2012-08-17 6320 10973 28938 53166 6308251
2012-08-18 3524 5840 15622 28493 3688425
2012-08-19 3232 5204 14120 28245 3558558
2012-08-20 6144 10420 27151 52851 5901210
2012-08-21 6764 11869 30330 59088 6360047
2012-08-22 7017 11927 30939 58719 7236705
2012-08-23 7122 12039 31632 58207 7027633
2012-08-24 6332 10838 28668 53610 6167393
2012-08-25 3426 5821 14863 29582 3608005
2012-08-26 3303 5602 15194 28566 3606930
2012-08-27 6278 10424 27053 52908 6199578
2012-08-28 6917 11714 30142 58586 6880832
2012-08-29 7151 12232 31540 59115 6986847
2012-08-30 7195 12471 31809 58968 7131090
2012-08-31 6141 10878 28344 52458 5939376
2012-09-01 3370 5685 14310 28679 3344714
2012-09-02 3358 5520 13946 28785 3499022
2012-09-03 5598 9104 23027 44736 5291622
2012-09-04 6646 11280 28614 58041 6544040
2012-09-05 6997 11866 30261 58759 6388237
2012-09-06 6984 12051 30120 57843 6383959
2012-09-07 6347 10980 27163 54159 6008828
2012-09-08 3501 5719 14288 29297 3057082
2012-09-09 3493 5688 14862 28664 3348616
2012-09-10 6646 10942 28139 55234 6038082
2012-09-11 7052 12043 30298 58959 6333822
2012-09-12 6939 11517 29737 57125 6586996
2012-09-13 7041 11854 30793 57851 6754934
2012-09-14 6406 10975 27530 54836 6090396
2012-09-15 3191 5228 13046 26879 3181440
2012-09-16 3437 5585 14063 29863 3510800
2012-09-17 6669 10661 27459 54655 6236398
2012-09-18 6898 11634 28886 58910 6981559
2012-09-19 6908 11444 29042 57388 8372959
2012-09-20 7001 11755 29692 58858 7412897
2012-09-21 6472 11021 27898 54749 6776438
2012-09-22 3708 6083 14847 32003 4041841
2012-09-23 3503 5914 14997 31890 3899377
2012-09-24 6719 10984 28163 57062 7072404
2012-09-25 6961 11802 30786 61228 6865969
2012-09-26 7306 12473 31358 63318 8410641
2012-09-27 7356 12670 31905 62608 7229514
2012-09-28 6388 11024 27947 54941 6286345
2012-09-29 3500 5841 14645 30497 3510199
2012-09-30 3435 5766 14902 31291 3156794
2012-10-01 6447 10702 27498 56507 6073198
2012-10-02 6614 11545 28946 60313 6327964
2012-10-03 7127 12019 30434 61767 7171277
2012-10-04 7207 12417 30652 60863 6347797
2012-10-05 6554 11569 28695 59072 5908758
2012-10-06 3770 6270 15506 33322 3588797
2012-10-07 3692 5937 15641 32491 3383492
2012-10-08 6477 10991 28302 55791 6054979
2012-10-09 7140 12224 30848 64368 6489746
2012-10-10 7559 13036 32613 67472 6501624
2012-10-11 7529 13018 32790 68156 6896984
2012-10-12 6804 11797 30058 59048 6085496
2012-10-13 3663 6262 15086 31134 3319688
2012-10-14 3800 6358 16495 33273 3437726
2012-10-15 6976 11524 30394 61476 6576414
2012-10-16 7475 12578 32613 64669 6429627
2012-10-17 7652 12833 32576 64872 6778541
2012-10-18 7660 12920 33208 66234 6653755
2012-10-19 6916 11990 30456 62136 6036585
2012-10-20 3976 6454 16306 34923 3978570
2012-10-21 4022 6523 17020 36686 3831771
2012-10-22 7136 11909 31353 65746 6543392
2012-10-23 7486 12752 32716 65075 6374616
2012-10-24 7270 12210 31170 64469 6398023
2012-10-25 7420 12648 32929 65313 6361954
2012-10-26 6465 11158 29648 62113 5378219
2012-10-27 3878 6389 16317 34088 3380485
2012-10-28 3916 6331 16810 35237 4000393
2012-10-29 6901 11070 29548 60430 6199537
2012-10-30 6997 11556 29327 60468 6379016
2012-10-31 7272 12111 31324 62335 6150608
2012-11-01 7095 11703 30391 59771 5889404
2012-11-02 6808 11131 29128 57294 6057039
2012-11-03 4052 6723 17153 34473 4078189
2012-11-04 4009 6512 17191 36415 3484972
2012-11-05 7177 11493 30402 62641 5864790
2012-11-06 7332 12053 31029 64614 6290873
2012-11-07 7448 12099 31266 63748 6119107
2012-11-08 7689 12518 32324 63900 6349640
2012-11-09 6679 11332 29372 60208 4991294
2012-11-10 3843 6160 15685 32779 3362830
2012-11-11 3917 6327 16535 34169 2971673
2012-11-12 6537 10760 27913 58577 5344267
2012-11-13 6860 11229 30128 62271 5455955
2012-11-14 7237 12003 31445 66377 5888163
2012-11-15 7469 12165 31977 63801 5925190
2012-11-16 6841 11425 29932 59932 5562739
2012-11-17 4066 6339 16699 34576 3265244
2012-11-18 4099 6457 16968 33911 3267243
2012-11-19 7327 11851 31917 61838 5235905
2012-11-20 7680 12645 33018 67161 5837695
2012-11-21 7562 12639 32526 65294 5750376
2012-11-22 6807 11216 28474 55786 5660776
2012-11-23 5914 9928 25548 50969 4592059
2012-11-24 4013 6418 16608 34116 3431193
2012-11-25 4182 6554 17808 35230 3714813
2012-11-26 7220 11833 31503 65023 6088182
2012-11-27 7803 12968 33994 70307 6166321
2012-11-28 8183 13581 35628 71704 6141077
2012-11-29 8012 13045 35415 68398 6163763
2012-11-30 6960 11652 30986 62396 5232273
2012-12-01 4137 6609 17545 36278 3483979
2012-12-02 4320 6786 17942 36821 3267536
2012-12-03 7387 11640 31013 63248 5563481
2012-12-04 7867 12843 34592 68465 5953201
2012-12-05 7954 13239 34827 69326 6263326
2012-12-06 7754 12937 34142 68782 5792659
2012-12-07 7074 11645 31953 61975 5262243
2012-12-08 4218 6665 17450 34490 3154691
2012-12-09 4145 6646 18073 35640 3134569
2012-12-10 7222 11453 31323 63885 5365344
2012-12-11 7601 12366 33293 66912 5308138
2012-12-12 7861 13064 34633 68753 5881488
2012-12-13 7625 12846 34047 67707 5869486
2012-12-14 6602 10873 29974 60355 4724524
2012-12-15 3843 6202 16857 34170 3167284
2012-12-16 3826 6076 16998 34291 2693772
2012-12-17 6823 11097 30718 61529 4816338
2012-12-18 7290 12197 32572 65319 5708147
2012-12-19 7606 13181 35952 91196 5758759
2012-12-20 7207 12626 34161 75275 5939930
2012-12-21 6132 10816 29300 62389 4560449
2012-12-22 3514 5890 15615 34139 2898978
2012-12-23 3399 5351 15087 32216 2935977
2012-12-24 4227 7180 19059 41096 3268408
2012-12-25 3264 5343 14837 32979 2681620
2012-12-26 4826 8236 21761 45086 4016688
2012-12-27 5757 9947 27101 54350 4924871
2012-12-28 5519 9561 26516 52232 4543379
2012-12-29 3806 6615 18349 36672 2918088
2012-12-30 3603 6094 17342 34793 2718688
2012-12-31 4184 7354 21049 41963 3337372
2013-01-01 3350 5622 16011 32510 2778793
2013-01-02 6131 10132 29468 60036 5326463
2013-01-03 6959 11880 33002 67504 5697464
2013-01-04 6948 11637 32002 64966 5580070
2013-01-05 4320 7265 19677 39033 3336503
2013-01-06 4201 6918 19424 38388 3102460
2013-01-07 7040 11614 32662 64809 5578550
2013-01-08 7588 12889 35115 69220 5564508
2013-01-09 7823 12991 36076 70473 5919695
2013-01-10 7933 13300 37165 69637 6037287
2013-01-11 7309 12391 34510 64107 5127845
2013-01-12 4250 7098 19195 36897 3293341
2013-01-13 4256 6879 19533 38002 3303573
2013-01-14 6890 11170 31081 63283 5232324
2013-01-15 7859 12790 35286 69039 5642020
2013-01-16 7992 13407 35716 69961 6024767
2013-01-17 7810 12794 35204 68858 5949801
2013-01-18 7333 12281 33633 64152 5183248
2013-01-19 4196 6824 18263 37198 3214166
2013-01-20 4237 6795 18904 38227 3106898
2013-01-21 7297 11645 32582 64956 5262210
2013-01-22 8065 13183 36164 72164 6107247
2013-01-23 8340 13769 37756 74750 6115690
2013-01-24 8266 13859 37347 73594 6046616
2013-01-25 7324 12271 33661 64585 5630611
2013-01-26 4323 7238 19634 37613 3386701
2013-01-27 4419 7032 19261 38511 3384948
2013-01-28 7667 12596 34386 68085 5730785
2013-01-29 8279 13301 36728 72949 5994222
2013-01-30 8461 13903 37321 73484 5963791
2013-01-31 8185 13658 37108 71256 5829562
2013-02-01 7687 12725 35098 66887 5782249
2013-02-02 4418 7162 19602 38631 3260905
2013-02-03 4411 7136 19344 38402 2970419
2013-02-04 7599 12080 33128 65733 4918635
2013-02-05 8158 13514 37096 73475 5598513
2013-02-06 8496 13767 37555 72966 5677410
2013-02-07 8473 13863 37151 72186 5888556
2013-02-08 7630 12833 34265 65418 5501604
2013-02-09 3922 6255 16391 32390 2667551
2013-02-10 4524 7130 19610 37724 3063609
2013-02-11 7592 12002 32591 64337 5069841
2013-02-12 8076 13276 36355 70526 5676562
2013-02-13 8272 13454 36685 71382 5546801
2013-02-14 8039 12913 35495 68241 5391435
2013-02-15 7378 12056 33492 63187 5103845
2013-02-16 4589 7231 19540 37097 3325181
2013-02-17 4537 7123 19469 37762 3188852
2013-02-18 7673 12387 33651 64331 4557713
2013-02-19 8715 13735 38578 74549 5865341
2013-02-20 8632 14068 37914 73423 5887809
2013-02-21 8654 14081 38690 73191 6001731
2013-02-22 8006 13236 35961 68532 5363312
2013-02-23 4749 7605 20683 38744 3098770
2013-02-24 4542 7232 20102 38721 2982542
2013-02-25 7991 12777 35167 68283 5476306
2013-02-26 8635 14230 38501 74902 5835171
2013-02-27 8852 14586 40339 76194 6197925
2013-02-28 8676 14205 38927 75127 5602694
2013-03-01 7748 13071 35666 68693 5168105
2013-03-02 4678 7458 20310 39109 3177104
2013-03-03 4756 7335 20858 39929 3386560
2013-03-04 8091 12713 35345 71548 5582258
2013-03-05 8818 14382 39995 78127 5801220
2013-03-06 9178 15046 41692 78530 6367187
2013-03-07 9002 14772 40926 77905 5978399
2013-03-08 8079 13162 36890 69210 5416836
2013-03-09 4681 7560 21331 39838 3396179
2013-03-10 4808 7441 21445 41068 3350848
2013-03-11 8280 13032 37276 71620 5613462
2013-03-12 8862 14781 41711 79054 5621076
2013-03-13 9040 14922 41384 78968 6139140
2013-03-14 8999 14518 39730 77558 5937421
2013-03-15 8031 13497 37151 69414 5419365
2013-03-16 4741 7695 20048 39746 3327116
2013-03-17 4626 7295 19874 39519 3122429
2013-03-18 8220 12929 36625 71433 4990743
2013-03-19 9039 14453 40987 77407 5823467
2013-03-20 8950 14912 41154 77742 6212422
2013-03-21 8746 14357 40004 75754 5850506
2013-03-22 7873 13218 36456 68051 5053653
2013-03-23 4692 7328 20075 38037 3141074
2013-03-24 4735 7549 20331 39949 3107928
2013-03-25 8167 12868 35845 68578 5401498
2013-03-26 8513 13954 37799 73594 6249112
2013-03-27 8445 13676 37780 73111 5577693
2013-03-28 8366 13754 37631 73676 5506437
2013-03-29 6815 11103 30692 57396 4383208
2013-03-30 4520 7217 20094 37835 2827348
2013-03-31 4378 6877 18822 36566 2858091
2013-04-01 6890 10597 29592 57433 4399885
2013-04-02 8613 13555 37437 75034 5533721
2013-04-03 8926 14422 40181 78267 5641832
2013-04-04 8839 14218 40133 77172 5979784
2013-04-05 8165 13340 37648 71898 5227489
2013-04-06 4697 7608 20847 40237 2856955
2013-04-07 4870 7465 20866 40980 3237058
2013-04-08 8282 13155 36946 71359 4691692
2013-04-09 8954 14323 39491 76321 5393376
2013-04-10 9005 14694 40353 77945 5148842
2013-04-11 8384 13466 38430 73544 5226706
2013-04-12 8179 13283 36502 69860 4926150
2013-04-13 4560 7222 19373 38197 2854522
2013-04-14 4802 7099 20744 38504 2810520
2013-04-15 7829 12363 34608 67951 4413997
2013-04-16 8471 13864 38367 73980 4985980
2013-04-17 8707 14195 39443 77064 4961896
2013-04-18 8537 13903 38497 75580 5203213
2013-04-19 7606 12398 34529 66517 4572101
2013-04-20 4562 7070 19196 37481 2688076
2013-04-21 4422 6947 19200 38471 2735906
2013-04-22 8045 12732 36555 70401 4979098
2013-04-23 8572 13681 39250 75090 5102190
2013-04-24 8704 14090 38979 75513 5292051
2013-04-25 8524 13755 38004 72853 5246746
2013-04-26 7768 12624 35400 67340 4838089
2013-04-27 4526 7181 18970 38414 2995793
2013-04-28 4707 7080 19127 38124 2997225
2013-04-29 7941 12778 35829 69530 4790605
2013-04-30 7949 12806 35961 69847 4873075
2013-05-01 6874 10990 30987 60983 3987077
2013-05-02 8199 13119 37091 70155 4844360
2013-05-03 7968 12256 34126 64342 4143969
2013-05-04 4749 6744 18633 36765 3031752
2013-05-05 4667 6542 18462 35972 2721855
2013-05-06 7927 11417 32280 62982 4050791
2013-05-07 9030 13130 37399 72598 4605003
2013-05-08 9020 13495 37145 73217 4797611
2013-05-09 8791 12705 35485 68443 4575784
2013-05-10 7955 11933 33735 66053 4299666
2013-05-11 4620 6699 18115 37405 2345230
2013-05-12 4581 6601 19345 36281 2472757
2013-05-13 8440 12192 34804 67712 4297023
2013-05-14 9046 13387 38867 72918 4495932
2013-05-15 9094 13650 38316 73483 4818139
2013-05-16 9324 13730 38188 72776 5382350
2013-05-17 8352 12407 35182 68341 4745070
2013-05-18 4671 6902 18841 36660 2692050
2013-05-19 4648 6630 19090 37269 2361851
2013-05-20 8065 11612 34109 66915 5221835
2013-05-21 9087 13123 37699 74321 4626591
2013-05-22 9414 13788 39156 76874 4851006
2013-05-23 9323 13814 39538 76559 4777623
2013-05-24 8178 12243 34631 68409 4163796
2013-05-25 4355 6260 17360 35746 2316260
2013-05-26 4254 6228 17501 36782 2131346
2013-05-27 7366 10412 28208 57377 3390147
2013-05-28 8889 13224 36868 75138 4124652
2013-05-29 9285 13874 39322 77732 4744889
2013-05-30 9170 13575 37886 74498 4514599
2013-05-31 8236 12407 35176 68952 3750543
2013-06-01 4622 6781 18572 37187 2465684
2013-06-02 4447 6280 18327 36891 2170473
2013-06-03 8198 11479 34048 68876 3783620
2013-06-04 9025 13255 37044 73885 4126716
2013-06-05 9405 13594 38447 74758 4299194
2013-06-06 9285 13735 38811 73399 4394751
2013-06-07 8506 12503 34947 67559 3870734
2013-06-08 4541 6539 17837 35066 2238987
2013-06-09 4529 6422 18205 36689 2272458
2013-06-10 8224 11511 33694 66451 3905078
2013-06-11 8894 12586 36767 71780 4175879
2013-06-12 9059 12943 36990 71068 4517990
2013-06-13 9167 13186 36923 71584 4376500
2013-06-14 8270 11838 33594 66313 3699929
2013-06-15 4349 6245 17102 33651 2090343
2013-06-16 4305 6032 16837 34735 2052712
2013-06-17 8523 11780 34992 67158 3838334
2013-06-18 9305 13336 38733 74253 4207147
2013-06-19 9389 13520 38863 75316 4087078
2013-06-20 9487 13551 38443 74486 4378217
2013-06-21 8346 12380 34551 66953 3673655
2013-06-22 4486 6547 18357 35348 1945480
2013-06-23 4350 6226 18039 35789 1842234
2013-06-24 8573 12318 35162 69898 3751556
2013-06-25 9309 13711 39242 77809 3954622
2013-06-26 9621 13936 39544 74838 4443876
2013-06-27 9546 13856 40254 73303 4403968
2013-06-28 8479 12363 36220 66449 3755395
2013-06-29 4550 6552 18058 34202 2175388
2013-06-30 4413 6285 18473 33672 2085058
2013-07-01 8175 11696 33899 64282 3577710
2013-07-02 9380 13270 38349 69868 4120347
2013-07-03 9374 13533 38525 70616 4194887
2013-07-04 8186 11659 32139 58119 3498575
2013-07-05 7721 11674 33107 58916 3262543
2013-07-06 4282 6131 17182 33094 1901717
2013-07-07 4140 5943 17347 33487 1772143
2013-07-08 8521 12136 34869 67807 3470705
2013-07-09 9241 13732 39076 74002 4127817
2013-07-10 9385 13774 38840 74073 3920795
2013-07-11 9540 13463 38433 72033 3960864
2013-07-12 8524 12270 35438 64601 3462674
2013-07-13 4254 6039 17285 32704 1906043
2013-07-14 4299 6121 17286 33189 1861033
2013-07-15 8795 12309 36063 67963 3335342
2013-07-16 9681 13895 40332 72336 4072831
2013-07-17 10018 14166 41906 75168 4049975
2013-07-18 9906 14078 40396 73747 3825979
2013-07-19 8750 12985 38129 67423 3316109
2013-07-20 4524 6507 18321 34031 1864940
2013-07-21 4591 6363 17948 33618 1881461
2013-07-22 9009 12809 36708 68170 3747478
2013-07-23 9736 14439 40970 76091 3922460
2013-07-24 9964 14571 41472 75686 4131181
2013-07-25 9903 14629 40706 75457 3942330
2013-07-26 8846 13446 37155 68004 3759657
2013-07-27 4683 6785 19108 35649 2042201
2013-07-28 4729 6616 18047 34993 1936471
2013-07-29 9037 13258 37291 70289 3537332
2013-07-30 9601 14119 40174 75949 3968380
2013-07-31 9878 14586 40968 75697 4084824
2013-08-01 9609 14364 40110 73923 3757649
2013-08-02 8596 13242 36069 66639 3455878
2013-08-03 4493 6666 18824 34296 1944763
2013-08-04 4530 6612 18044 34108 1944002
2013-08-05 8672 12423 35431 65997 3751627
2013-08-06 9298 13855 38546 73290 3727285
2013-08-07 9632 14319 40307 74744 3821663
2013-08-08 9249 13835 38808 72871 3606887
2013-08-09 7899 11967 33126 64704 3153419
2013-08-10 4336 6384 17845 34097 1665541
2013-08-11 4495 6589 18172 34048 1892584
2013-08-12 8711 12488 35971 68018 3437320
2013-08-13 9370 13847 38722 73131 3644354
2013-08-14 9372 14344 39299 74944 3890183
2013-08-15 8151 12132 34871 66591 3318063
2013-08-16 8217 12322 35765 64216 3449613
2013-08-17 4534 6654 18305 34821 1873504
2013-08-18 4630 6450 18281 34676 2012635
2013-08-19 8365 12222 34963 67227 3261490
2013-08-20 9125 13474 36974 70991 3692011
2013-08-21 9479 14077 39503 74594 3903530
2013-08-22 9557 14108 39351 72554 3932534
2013-08-23 8537 12964 36273 65995 3408288
2013-08-24 4624 6777 18191 34677 2040259
2013-08-25 4612 6599 18157 35254 1996081
2013-08-26 8462 12208 34487 65764 3412069
2013-08-27 9181 13701 38034 73063 3638080
2013-08-28 9627 14007 39330 75221 3879596
2013-08-29 9406 13833 38780 72763 3463117
2013-08-30 8137 12501 34686 65689 3224926
2013-08-31 4668 6869 18901 35060 1943321
2013-09-01 4433 6485 18179 34292 1786841
2013-09-02 7612 10770 30263 55599 2781043
2013-09-03 8845 12892 36029 69950 3373074
2013-09-04 9365 13705 37883 72029 3539314
2013-09-05 9198 13620 38018 72779 3430042
2013-09-06 8336 12607 35696 65864 3108847
2013-09-07 4654 6891 18451 35625 1712455
2013-09-08 4748 6686 19022 36272 1862056
2013-09-09 8183 11738 33169 66007 2934188
2013-09-10 9154 13338 36808 71694 3278411
2013-09-11 9472 13751 39215 73281 3791916
2013-09-12 9604 13958 38868 72555 3851366
2013-09-13 8581 12906 36001 66199 3222607
2013-09-14 4707 6650 18895 34855 1849967
2013-09-15 4923 7040 19516 35821 1956686
2013-09-16 8868 12357 35843 67116 3392276
2013-09-17 9430 13794 38784 74069 3671870
2013-09-18 9383 13977 39049 72834 4753133
2013-09-19 9481 13624 37905 70127 4980894
2013-09-20 8541 12747 35058 66467 4110214
2013-09-21 4940 6974 18581 34044 2659729
2013-09-22 4921 6731 18584 35790 2373881
2013-09-23 8815 12519 34751 68124 3627680
2013-09-24 9700 14186 38324 73843 3726216
2013-09-25 9816 14058 37914 73495 3915926
2013-09-26 9806 14460 39073 73746 3737112
2013-09-27 8652 13107 35049 67428 3044283
2013-09-28 4777 6965 18771 34513 1881667
2013-09-29 5034 7214 19630 36674 1840482
2013-09-30 8992 12680 35335 68136 3384342
2013-10-01 9268 13479 37191 72340 3507827
2013-10-02 8787 12810 35882 70963 3471022
2013-10-03 9526 13587 37875 71450 3758579
2013-10-04 8796 13039 35793 66593 3279702
2013-10-05 4931 6999 18594 35047 1770163
2013-10-06 5083 7193 19480 36282 2122935
2013-10-07 9100 13083 36339 69580 3436058
2013-10-08 9839 14539 39800 76024 3577894
2013-10-09 10097 14968 41508 77652 3272740
2013-10-10 9917 14195 39798 74959 3392854
2013-10-11 8807 12665 35596 67622 3521270
2013-10-12 5001 7044 19177 34646 2019393
2013-10-13 5158 7093 19697 36999 2035675
2013-10-14 8368 11910 33405 64291 3267873
2013-10-15 9226 13528 37467 72255 3496049
2013-10-16 9681 13775 38280 74457 3596429
2013-10-17 9810 13991 38686 73978 4378174
2013-10-18 9100 13168 35444 66591 4224938
2013-10-19 5270 7414 19268 36788 2113354
2013-10-20 5375 7516 20218 37487 2260374
2013-10-21 9660 13679 37942 70953 3450171
2013-10-22 10175 14635 39507 75747 3163181
2013-10-23 10337 14753 39966 75761 3845472
2013-10-24 10450 14837 39977 75323 4571960
2013-10-25 9270 13941 37398 67716 3121836
2013-10-26 5202 7486 19351 36544 1780383
2013-10-27 5456 7377 20600 37389 1847142
2013-10-28 9450 13302 36953 70752 2843069
2013-10-29 10123 14639 40758 75632 3086098
2013-10-30 10080 14250 39504 75446 2841880
2013-10-31 9479 13724 37931 71009 2872159
2013-11-01 7816 11647 31555 60814 2435396
2013-11-02 4893 6808 18987 35320 1435622
2013-11-03 5196 7238 20388 39261 1774541
2013-11-04 8678 12047 34597 67163 2645258
2013-11-05 9317 13371 37268 72733 2508597
2013-11-06 10109 14605 40037 75217 2774171
2013-11-07 10105 14280 40411 74408 2708204
2013-11-08 9106 12986 36337 67839 2551935
2013-11-09 5359 7447 20054 36441 1637417
2013-11-10 5492 7370 20789 38420 1477801
2013-11-11 9281 13001 36566 68139 2280622
2013-11-12 10123 14522 40233 76810 2596137
2013-11-13 10121 14751 41158 76306 2584783
2013-11-14 10130 14393 40765 74724 2482585
2013-11-15 9214 13350 36373 69408 2193453
2013-11-16 5487 7751 20664 38261 2018826
2013-11-17 5535 7543 21202 38587 1754037
2013-11-18 9589 13410 38028 70488 2654856
2013-11-19 10156 14716 40781 76272 2401885
2013-11-20 10600 14818 41518 76923 2225380
2013-11-21 10433 14649 41075 76454 2297393
2013-11-22 9430 13335 36992 69086 1970842
2013-11-23 5637 7758 21388 38216 1436672
2013-11-24 5576 7341 20337 39127 1242034
2013-11-25 9532 13118 37018 69668 2154318
2013-11-26 10289 14649 40911 75407 2018784
2013-11-27 9958 14257 39611 72930 2042131
2013-11-28 8856 12334 34260 61167 1915501
2013-11-29 7649 11196 30861 55944 1674275
2013-11-30 5253 7324 19965 36125 1197707
2013-12-01 5279 7035 20032 36611 1172569
2013-12-02 9122 12680 36841 68545 1861657
2013-12-03 10067 14243 39949 74596 1983215
2013-12-04 10347 14743 41035 78296 2033176
2013-12-05 10223 15332 42318 79585 2089332
2013-12-06 9338 13958 40079 69860 1888382
2013-12-07 5454 7822 22233 39706 1043430
2013-12-08 5588 7882 22508 40129 1042928
2013-12-09 9503 13649 39751 72051 1703427
2013-12-10 10171 15108 42539 78308 1773364
2013-12-11 10382 15221 43216 77941 1822949
2013-12-12 10192 14976 42849 77226 1805560
2013-12-13 8762 13213 38109 68268 1557583
2013-12-14 5080 7368 20570 36520 995519
2013-12-15 5388 7307 21182 38119 950331
2013-12-16 9263 13743 39489 80687 1668062
2013-12-17 9901 14931 41966 85793 1855749
2013-12-18 9962 15198 42848 84538 1766246
2013-12-19 9698 14570 41217 83154 1713151
2013-12-20 8129 12651 35165 70133 1507120
2013-12-21 4666 7125 19588 38172 828306
2013-12-22 4729 6816 19169 38814 830775
2013-12-23 7446 10877 30943 60218 1270363
2013-12-24 6173 9454 26169 51623 1143283
2013-12-25 4168 6156 16877 36291 888995
2013-12-26 6558 9478 26047 50100 1210464
2013-12-27 6909 10527 29333 55430 1334352
2013-12-28 4859 7506 20665 39843 866100
2013-12-29 4841 7205 20754 39328 902592
2013-12-30 7561 11566 33315 62250 1283749
2013-12-31 6016 9920 28227 53423 1180847
2014-01-01 4375 6827 19556 36793 948937
2014-01-02 8094 12475 35801 68987 1357525
2014-01-03 8568 13332 39122 71934 1562846
2014-01-04 5802 8669 25186 44659 987166
2014-01-05 5451 8071 24430 43427 886595
2014-01-06 8893 12999 38790 70561 1318548
2014-01-07 9859 14476 42807 77674 1586915
2014-01-08 10557 15554 45023 81846 1507298
2014-01-09 10262 15465 44359 82882 1563421
2014-01-10 9686 14572 41514 77067 1309094
2014-01-11 5623 8309 23015 41898 932046
2014-01-12 5544 8127 22646 43255 821736
2014-01-13 9540 13585 40260 76508 1331709
2014-01-14 9796 14537 42109 80190 1348340
2014-01-15 10401 15162 44155 82813 1465825
2014-01-16 10612 15237 44862 82126 1469561
2014-01-17 9706 14461 41914 77089 1346104
2014-01-18 5863 8369 23359 43900 760876
2014-01-19 5663 8164 23207 42859 696417
2014-01-20 9706 13692 39282 74377 1267633
2014-01-21 10615 15576 43424 83827 1294277
2014-01-22 10884 15594 43797 83253 1283012
2014-01-23 10874 15710 45162 83354 1301224
2014-01-24 9566 14440 40742 76561 1166318
2014-01-25 5904 8295 23075 42850 727078
2014-01-26 5942 8216 23832 43117 791361
2014-01-27 10133 14396 42213 78809 1194462
2014-01-28 10884 15783 44525 84266 1343280
2014-01-29 11243 16436 46659 85300 1213259
2014-01-30 10875 15721 45094 84271 1226684
2014-01-31 9637 14468 40436 75940 1166569
2014-02-01 5916 8331 23726 43291 693972
2014-02-02 5775 7994 23111 43184 674258
2014-02-03 9760 13986 40265 75801 1055470
2014-02-04 11000 15498 45200 83706 1279719
2014-02-05 11258 15934 46031 84916 1311835
2014-02-06 11313 15835 45334 84076 1110066
2014-02-07 10201 14554 41432 76066 1027544
2014-02-08 6145 8493 23453 43412 618461
2014-02-09 6332 8506 24556 45483 660150
2014-02-10 10624 14384 42215 80559 1045120
2014-02-11 11411 15831 45945 87572 1244329
2014-02-12 11641 16839 47242 89038 1057800
2014-02-13 11099 15951 45859 85591 999676
2014-02-14 9964 14621 41936 77589 851786
2014-02-15 6065 8564 24097 43305 571815
2014-02-16 5973 8022 23305 42376 551507
2014-02-17 10357 14339 41123 78607 1126469
2014-02-18 11436 16609 48023 90268 1098936
2014-02-19 11862 16858 49547 91874 1084600
2014-02-20 11742 16893 48455 90305 1045655
2014-02-21 10724 15691 44589 82211 1106176
2014-02-22 6512 9282 26342 47100 569505
2014-02-23 6504 9000 25920 48090 638539
2014-02-24 11110 15414 45379 85450 980374
2014-02-25 11692 16764 48648 94188 1039897
2014-02-26 12011 17003 49194 94323 979530
2014-02-27 11967 17154 49873 91948 1148932
2014-02-28 10753 15722 45850 84011 862815
2014-03-01 6391 8831 25193 46629 547420
2014-03-02 6265 8570 25494 46775 515589
2014-03-03 10565 14627 43241 80704 977375
2014-03-04 11544 15668 46467 87980 931540
2014-03-05 12001 16240 48333 88740 1110854
2014-03-06 11868 16722 49445 91181 1060936
2014-03-07 10714 15217 45032 82846 863871
2014-03-08 6286 8568 24598 45220 481319
2014-03-09 6348 8379 24793 45437 510811
2014-03-10 10918 14670 43287 82937 935237
2014-03-11 11447 15648 44469 85049 1073200
2014-03-12 12372 16649 49033 90062 1665590
2014-03-13 12160 16842 48067 88604 854602
2014-03-14 10848 15425 43423 81890 837389
2014-03-15 6269 8419 24113 44294 749313
2014-03-16 6343 8432 25333 44858 520052
2014-03-17 10538 14119 41281 79164 826930
2014-03-18 11543 15707 45673 86206 765590
2014-03-19 12192 16613 47874 89289 894267
2014-03-20 12003 16396 48564 87957 851343
2014-03-21 10715 14837 42716 79242 728500
2014-03-22 6361 8461 24954 42661 406460
2014-03-23 6405 8346 24919 44187 552017
2014-03-24 10924 14808 44024 81301 777320
2014-03-25 11570 15711 46510 86831 749945
2014-03-26 12098 16463 48582 87549 878132
2014-03-27 11656 15825 47781 86291 871868
2014-03-28 10514 14554 43245 77553 651852
2014-03-29 6219 8304 23704 42387 460485
2014-03-30 6266 8134 24575 42896 394539
2014-03-31 10532 14124 42803 77965 755624
2014-04-01 11372 15325 45676 87781 745021
2014-04-02 11884 16078 47160 86449 706328
2014-04-03 11957 15898 48847 85200 665686
2014-04-04 10926 14738 44948 78825 599284
2014-04-05 6415 8287 24504 42509 384878
2014-04-06 6457 8057 24392 42903 359580
2014-04-07 11179 14352 44321 80179 754730
2014-04-08 11915 15260 46394 85134 1137971
2014-04-09 12025 15775 47454 85819 804141
2014-04-10 11779 15522 47168 83298 703940
2014-04-11 10630 14462 44123 75415 547113
2014-04-12 6407 8059 23580 40927 327152
2014-04-13 6160 7581 22909 40212 327760
2014-04-14 10577 13473 41934 76522 586946
2014-04-15 11452 14766 44968 81097 599986
2014-04-16 11783 15097 45443 82633 639822
2014-04-17 11040 14390 44549 79361 608936
2014-04-18 9178 11688 34929 62663 546497
2014-04-19 6536 8127 23631 41551 382679
2014-04-20 5868 7274 22619 39636 353191
2014-04-21 9392 11830 35677 63637 526155
2014-04-22 11770 15229 45677 84002 651079
2014-04-23 12054 15716 47640 88741 610625
2014-04-24 11875 15524 48642 87884 548954
2014-04-25 11604 14565 45766 80628 556492
2014-04-26 6718 8255 25835 46060 321146
2014-04-27 6780 8093 25821 45601 307901
2014-04-28 11732 14055 45707 81951 539914
2014-04-29 12115 15211 49033 88865 529687
2014-04-30 11667 14427 46132 86291 443426
2014-05-01 10036 11931 40140 72768 396029
2014-05-02 10417 12658 42349 75675 335658
2014-05-03 6857 8030 25935 44882 161231
#2014-05-04 738 873 3264 6364 9183
