#workload A
#throughput latency 				min 	max 		95th 	99th 
1        	819.065834873383		298     954426      1       1
2     		915.2484210147492 		298 	1207369 	1 		2
5 			754.8765527726655       296     975788 		1   	2
10   		710.9001326036135 		289 	943117 		1 		2
15			749.2521468867043 		291 	953978 		1 		2
20  		795.1237091091213 		291 	939165 		1 		3 	#2nodes
30 			820.4773678370939 		228 	939157 		1 		3 	#2nodes
40			970.9415894107779 		223 	1064198 	1 		3 	#3nodes
#100        1176.142090028945		321		967586		2 		2   #3nodes







