#workload B
#throughput latency 			min 	max 		95th 	99th 
1 			1307.0324753427954 	682 	216025 		2 		3
2 			1337.535191581974 	598 	1115030 	2 		4
5 			1341.3049664687335 	481 	1137179 	3 		10
10			1408.0030106614247 	463 	1096325 	3 		8
15			2001.82394013234 	467 	1132276 	4 		7
20			1605.5957924263676 	475 	1115997 	3 		8 #2 nodes
30 			2091.2044400415484 	463 	692751 		4 		7 #2 nodes
40 			2160.7907422667768 	478 	1083625 	4 		8 #3nodes 32 real
#100 		2474.926114151681	1067 	487423 		3 		5




#old
#100         4.537   1.8    38.095         11      29
#1        1.545   0.412  258.501         2       6       
#2        1.577   0.765  307.165         2       5
#5        1.809   0.692  336.247         4       9
#10       1.209   0.547  497.498         2       4
#15       1.569   0.582  480.148         3       5
#20       1.615   0.570  618.932         2       5
#30       2.966   0.536  629.708         8      36