#workload D
#throughput latency 			min 	max 		95th 	99th 
100 		1119.602169069738 	310 	235824 		1 		3
1000 		686.4218584204941 	220 	294896 		1 		2
2000 		590.9049492190708 	215 	656903 		1 		2
5000 		640.9277299663776 	208 	1293814 	1 		5
10000 		598.2489560893333 	194 	544541 		1 		3
15000 		826.6223388974319 	197 	512750 		2 		3
20000 		654.3893194620055 	205 	503276 		1 		4 #2 nodes
30000 		979.5566678162647 	202 	533896 		2 		4 #2 nodes
40000 		941.0044382320425 	200 	1041876 	2 		4 #3 nodes