#workload B
#throughput latency 			min 	max 		95th 	99th
1 			1865.4336947128604 	736 	584903 		2 		4
2 			1686.198130247514 	704 	590902 		2 		7
5 			1541.7913005731557 	550		630707 		3 		11
10 			1427.4779846790807 	552 	600323 		2 		7
15 			1901.1843758091165 	555 	626116 	 	3 		7
20 			1473.194657297998 	537 	618339 		2 		6 #2 nodes
30 			2021.148806880688 	550 	1109447 	3 		7 #2 nodes
40 			1844.4452111686155 	550 	1064204 	3 		6 	 #3nodes - suspeito
#100 		2829.469212782541	1230	95789 		4 		8



#old
#100
#1		2.493   0.702   633.863     3      9
#2		3.264	0.596	623.578    11	  28
#5        5.993   0.692   633.935    17     34
#10       1.050   0.546   409.048    1       4
#15       1.050   0.544   409.048    1       4
#20       1.056   0.534   271.154    1       4
#30       1.310   0.539   255.918    2       5