#workload B
#throughput latency 			min 	max 		95th 	99th 
5		819.869709180961 	241 	632854 		1 		5
10 		771.9216636157992 	235 	631377 		1 		3
15	 	988.9996536316817 	226 	627323 		2 		3
20 		797.3289409945793 	228 	622949 		1 		3 #2 nodes
30 		1077.8161628623006 	225 	1109143 	2 		4 #2 nodes
40		970.9415894107779 	223 	1064198 	1 		3 #3nodes





#old
#100
#1 		1.215   0.205   623.706     2       5
#2		1.680	0.195	623.623     5       14
#5        3.001   0.209   643.571     8       18
#10       0.523   0.238   271.268     0       2
#15       0.524   0.235   271.     0       2
#20 		0.522   0.236   271.     0       2
#30       0.651   0.240   266.     1       3