#workload C
#throughput latency 		min 	max 		95th 	99th 
100 		1457.96878		423 	243152 		2 		3
1000 		879.936816 		313 	599496 		1 		1
2000 		595.163022 		295 	480349 		0 		1
5000 		618.324094 		297 	368529 		0 		1
10000 		594.7702258 	291 	518574 		0 		1
15000 		563.4804188 	286 	405619 		0 		1
20000		589.2762953		291		208496 		0 		1
25000 		639.4418632 	292 	404871 		0 		1
30000 		643.2746641		231 	125538		0 		1
40000 		654.6870029 	290 	206995 		0 		2 #2 nodes
60000  		840.490414 		299 	627993 		1 		2 #3 nodes
