#sudo java -jar target/AppEvaluation-1.0-SNAPSHOT-jar-with-dependencies.jar proxy:9000 --fileParallel .*.noisy --perTopic --readPercentage 0.5 Files in parallel .*.noisy Read percentage 0. 5
#RATE  #Total  //somados
638 6024
650 13165
626 19989
629 27248
610 34282
619 40606
546 46694
545 52566
514 58511
467 63974
491 69275
532 74968
506 80660
577 86608
457 92268
472 97304
402 102160
407 106724
437 111119
418 115706
435 120138
505 125611
546 131499
499 137096
477 142603
565 148266
603 154420
458 159541
485 164755
558 170479
578 176764
679 183356
550 188862
470 194400
568 200296
573 206793
